sz001896,150611,0.099779,-0.012030,0.015539,-0.035538,-0.024679,-0.006073,-0.027834,1
sh600153,150611,0.100054,0.013347,0.099852,-0.017079,-0.008090,0.006343,0.051201,0
sz002291,150611,0.100000,0.017992,0.086648,-0.016122,0.048802,-0.018695,-0.027005,0
sh600662,150611,0.100216,0.023506,0.099412,-0.051225,-0.018708,-0.000454,0.042215,0
sh601518,150611,0.100132,-0.001198,0.088623,-0.026403,0.013201,-0.016287,-0.020630,0
sh600029,150611,0.100000,0.045030,0.070518,-0.031746,0.015873,-0.023438,-0.021094,1
sz002096,150611,0.099858,0.003542,0.087894,-0.023084,-0.026931,-0.026460,-0.008516,0
sh600592,150611,0.100048,0.002611,0.072672,-0.009736,0.037728,-0.021892,-0.032056,0
sz002036,150611,0.100180,0.100041,0.063699,-0.038772,0.100192,0.022331,0.042219,0
sz300321,150611,0.100000,0.099686,0.062082,-0.006823,0.098484,0.021465,0.069777,0
sh600679,150611,0.100201,0.053089,0.055378,-0.045967,-0.017780,-0.015011,0.100221,0
sh601328,150611,0.099631,0.040268,0.051454,-0.031915,-0.024468,-0.004362,-0.033806,0
sz000014,150611,0.100033,-0.002728,0.054259,-0.008051,0.039390,0.000000,-0.009129,0
sz000778,150611,0.100546,0.022840,0.065541,-0.049394,-0.001864,-0.017740,0.099907,0
sz000923,150611,0.100126,0.016365,0.051680,-0.033579,0.064974,-0.025634,0.035632,0
sh600890,150611,0.100086,-0.005443,0.046656,0.002229,-0.006686,0.015707,0.100224,0
sh600006,150611,0.099908,0.002500,0.042500,-0.024780,-0.021583,-0.013072,-0.004085,0
sh600084,150611,0.100493,0.092211,0.031334,-0.030382,-0.011285,-0.014925,0.032485,0
sz000006,150611,0.100233,0.022246,0.029661,-0.022634,-0.028807,-0.019597,-0.010593,1
sz000719,150611,0.100188,0.099932,0.030014,-0.036424,0.036755,-0.011817,0.019483,0
sz000875,150611,0.099879,-0.009356,0.046230,-0.068911,-0.080484,-0.028604,-0.062357,0
sz002120,150611,0.100115,0.001569,0.034780,-0.011372,-0.025272,-0.009852,0.046150,0
sh600815,150611,0.099886,0.006192,0.028896,-0.027081,-0.000502,-0.016558,0.054691,0
sz000670,150611,0.100000,-0.010947,0.018563,-0.027570,0.006542,-0.006964,-0.015785,1
sz000961,150611,0.099919,0.007723,0.029790,0.001429,-0.010000,0.001443,0.017316,1
sh600992,150611,0.099849,0.009170,0.023384,-0.018817,0.036290,-0.001297,0.083874,0
sh600115,150611,0.100100,0.046406,0.015469,-0.023297,0.066308,-0.016807,-0.024370,0
sz002139,150611,0.100000,-0.027591,0.022285,-0.005190,0.100000,0.051903,0.009437,0
sz300068,150611,0.099913,-0.052133,0.050553,-0.033835,0.024436,0.016147,0.032661,0
sz000800,150611,0.100076,0.015625,0.006944,-0.026552,-0.021034,-0.010215,-0.025361,1
sz002053,150611,0.100141,-0.001790,0.004347,-0.006110,0.012220,-0.010060,0.038984,0
sz300149,150611,0.100211,0.029468,0.006889,-0.037628,0.013683,0.000000,0.039745,0
sh600629,150611,0.100129,0.027445,0.001642,-0.037002,-0.020375,-0.012670,0.001195,0
sh600626,150611,0.099913,0.005950,0.003173,-0.011862,0.027284,-0.006159,0.017321,0
sh600098,150611,0.099765,0.003202,-0.000534,-0.034704,-0.017085,-0.009777,0.006518,1
sz002141,150611,0.099895,0.012702,0.014608,0.001565,0.068232,0.004981,-0.027835,0
sh600338,150611,0.099910,-0.018003,0.000273,-0.018271,0.080720,-0.021448,0.069392,0
sh600020,150611,0.100446,0.019270,0.001014,-0.023303,-0.005066,-0.011202,-0.003055,1
sh600572,150611,0.100036,0.100098,-0.003925,-0.024631,-0.012479,0.007981,0.049218,0
sh601111,150611,0.100408,0.037092,-0.011128,-0.036759,0.015754,-0.031758,-0.029542,0
sh601888,150611,0.100080,0.038467,-0.011701,0.000444,0.100044,0.015741,-0.000269,0
sz002295,150611,0.100000,-0.000327,-0.013734,-0.018568,0.036472,0.010557,0.036148,0
sz002493,150611,0.100133,-0.000603,-0.025015,-0.023184,-0.003091,-0.006202,0.042481,0
sh600310,150611,0.100098,0.018910,-0.014461,-0.006772,-0.029571,-0.005350,-0.007909,0
sz300275,150611,0.099916,-0.005869,-0.022455,-0.001566,0.046463,-0.001497,0.004490,0
sz000972,150611,0.100173,0.000000,-0.026688,-0.023387,0.010484,-0.011173,0.053472,0
sz000678,150611,0.099925,0.013559,-0.029153,-0.020251,-0.001397,0.013287,0.089510,0
sh600769,150611,0.100267,0.020656,-0.024909,-0.006231,0.035514,-0.001203,0.042118,0
sz000301,150611,0.099589,0.001867,-0.032680,-0.005792,0.000965,0.000964,0.020251,1
sz000563,150611,0.099886,-0.015049,-0.034250,0.000537,0.002149,0.000536,-0.013941,0
sh600616,150611,0.099784,0.000981,-0.025503,0.000503,0.035732,0.000972,0.098154,0
sh600859,150611,0.100115,0.006258,-0.030248,0.000269,0.042216,0.003354,0.051342,0
sh600228,150611,0.099900,-0.005450,-0.037693,-0.008966,0.000000,-0.008966,0.020765,0
sh603166,150611,0.099913,0.009634,-0.047778,-0.029734,-0.066075,-0.009286,-0.038912,0
sz002160,150611,0.100056,0.001016,-0.034553,-0.011053,-0.010000,-0.011164,0.009038,1
sh601336,150611,0.100016,0.006994,-0.036540,-0.016296,-0.021185,-0.002573,0.010141,0
sz000031,150611,0.099855,-0.053289,-0.031579,-0.030571,-0.003397,0.005453,0.036128,1
sz300074,150611,0.100095,-0.046794,-0.045927,0.019982,0.099909,0.032205,-0.023121,0
sz000544,150611,0.100000,-0.008296,-0.042862,-0.024919,0.019140,0.000000,0.015237,0
sh600851,150611,0.099812,0.008562,-0.041096,0.000595,0.010119,-0.010018,0.071302,0
sz000004,150611,0.100000,0.020019,-0.034385,-0.024878,0.004390,-0.012870,0.061195,0
sh601788,150611,0.099909,0.009879,-0.038694,-0.008564,0.010848,-0.010449,-0.022592,0
sz300322,150611,0.100000,0.090909,-0.049091,-0.027247,0.099426,0.000000,0.063043,0
sh600371,150611,0.100000,-0.000885,-0.043684,0.007407,0.012037,-0.002745,0.044526,0
sz000560,150611,0.100024,0.066170,-0.057406,0.006509,0.020223,0.000228,0.001367,0
sh600621,150611,0.100106,-0.003388,-0.038238,0.001510,0.063915,0.003311,0.052034,0
sz000553,150611,0.100160,-0.002421,-0.040194,0.000000,0.030272,-0.016161,0.044564,0
sh600213,150611,0.099892,-0.027982,-0.050565,-0.004654,0.008790,-0.012814,0.023578,0
sz002357,150611,0.100000,0.001066,-0.043988,-0.000279,0.025655,0.016313,0.100054,0
sh600708,150611,0.100056,-0.009146,-0.054878,-0.014516,0.004839,-0.001070,0.058320,0
sz002485,150611,0.099854,-0.069973,-0.070859,-0.015253,0.027645,-0.019944,-0.026902,0
sz002427,150611,0.100133,0.028122,-0.065618,-0.060194,0.034304,-0.020651,0.004068,0
sh600701,150611,0.099911,-0.011019,-0.095673,-0.019316,0.100149,0.012966,-0.039708,0
sz002355,150611,0.099727,0.000000,-0.098137,-0.005510,0.099862,0.031935,0.020664,0
sh601766,150611,0.100170,0.100000,-0.093210,-0.053778,-0.097345,0.003771,-0.021870,0
sh600196,150527,0.100137,0.010599,0.035848,-0.006621,0.001204,-0.004208,-0.024346,1
sh600135,150603,0.100039,0.022207,0.033486,-0.010914,-0.000682,0.000000,-0.018771,1
sz300317,150528,0.099476,0.010238,0.047619,-0.004545,-0.003182,-0.000684,-0.010488,1
sh600338,150527,0.100163,-0.008142,0.035899,0.000357,-0.000715,-0.005363,0.002860,1
sz300184,150515,0.092017,-0.044643,0.031250,-0.009740,-0.027597,-0.016138,0.008904,1
sh600070,150525,0.099888,-0.010204,0.006122,0.012170,0.022312,-0.013889,0.012897,1
sz002686,150515,0.100212,-0.007229,-0.005301,-0.000484,0.029070,-0.011299,0.001883,1
sz300091,150326,0.098765,-0.000911,-0.000304,0.002430,-0.002126,-0.004871,0.022831,1
sz300034,150522,0.100074,0.018014,-0.010358,-0.010466,-0.007964,0.012615,0.004128,1
sh600439,150520,0.099596,0.000000,0.007344,0.001215,0.012151,0.002401,-0.021609,1
sz002258,150409,0.100151,0.005947,0.020586,-0.000448,0.007620,-0.003559,-0.014680,1
sh600740,150529,0.099572,0.017527,0.032132,-0.011321,-0.036792,-0.000979,0.012733,1
sz000417,150407,0.099804,-0.004448,-0.014235,-0.007220,0.019856,0.000885,-0.000885,1
sh601789,150430,0.100318,0.010854,0.022431,-0.019816,-0.019816,-0.012996,0.005776,1
sz002490,150505,0.100241,-0.006560,-0.022595,-0.008203,0.002237,-0.000744,-0.000744,1
sz300150,150331,0.100000,-0.003056,-0.010313,0.011579,0.016982,-0.010626,-0.013283,1
sh601880,150422,0.098202,0.001259,0.023929,0.000000,0.003690,0.002451,0.007353,1
sh600123,150609,0.099845,0.013371,0.013371,-0.002778,0.006944,-0.006897,0.016552,1
sz002213,150512,0.099767,0.044562,0.027056,-0.018595,-0.000517,-0.015504,-0.007752,1
sh600371,150515,0.099966,-0.000610,0.027142,-0.019299,-0.029097,0.000917,0.015596,1
sh600435,150320,0.099856,0.000328,0.017371,0.008376,0.009665,0.001914,-0.011806,1
sz002184,150327,0.099971,0.015625,0.015625,0.022821,-0.004872,-0.023963,-0.006699,1
sz002713,150507,0.100000,0.011061,0.009160,0.001884,-0.008049,-0.018992,0.014330,1
sz000573,150401,0.096916,-0.005355,0.030790,0.012987,-0.025974,0.001333,0.010667,1
sz300337,150427,0.100283,0.013903,-0.008754,-0.019221,0.005195,0.000000,0.025323,1
sh603099,150521,0.100084,0.032630,0.057582,0.010889,-0.005082,-0.005472,0.024079,1
sz002213,150512,0.099767,0.044562,0.027056,-0.018595,-0.000517,-0.015504,-0.007752,1
sh600435,150320,0.099856,0.000328,0.017371,0.008376,0.009665,0.001914,-0.011806,1
sz002387,150507,0.100233,0.058898,0.037712,0.000408,0.027358,-0.014308,0.027822,1
sz000782,150507,0.100000,0.000000,0.028409,0.005525,0.009392,0.000000,0.029009,1
sz002713,150507,0.100000,0.011061,0.009160,0.001884,-0.008049,-0.018992,0.014330,1
sz002713,150514,0.099951,0.021346,0.008894,-0.015574,0.003526,0.007613,0.007174,1
sz300234,150514,0.100086,0.003922,0.001176,-0.033686,-0.002742,-0.000393,0.024352,1
sz000573,150401,0.096916,-0.005355,0.030790,0.012987,-0.025974,0.001333,0.010667,1
sh600855,150521,0.099943,0.009009,0.000257,0.014411,0.024189,0.005779,0.036935,1
sz300385,150525,0.099088,-0.003524,0.010687,0.014961,-0.015636,-0.027540,-0.011884,1
