,code,xcode,name,ipo_date,issue_date,amount,markets,price,pe,limit,funds,ballot
0,300654,300654,世纪天鸿,2017-09-14,,2335,925,0.0,0.0,0.9,1.8,0.0
1,603363,732363,傲农生物,2017-09-14,,6000,1800,0.0,0.0,1.8,2.874,0.0
2,002901,002901,大博医疗,2017-09-13,,4010,1203,0.0,0.0,1.2,4.636,0.0
3,603922,732922,金鸿顺,2017-09-13,,3200,1280,0.0,0.0,1.2,5.613,0.0
4,603157,732157,拉夏贝尔,2017-09-13,,5477,1643,0.0,0.0,1.6,4.606,0.0
5,603963,732963,大理药业,2017-09-12,,2500,1000,0.0,0.0,1.0,3.145,0.0
6,002900,002900,哈三联,2017-09-12,,5277,2100,0.0,0.0,2.1,9.535,0.0
7,603055,732055,台华新材,2017-09-11,,6760,2028,9.21,22.97,2.0,6.226,0.0
8,300703,300703,创源文化,2017-09-08,,2000,2000,19.83,22.98,2.0,3.966,0.0
9,603106,732106,恒银金融,2017-09-08,,7000,2800,10.75,22.99,2.8,7.525,0.0
10,603533,732533,掌阅科技,2017-09-07,,4100,3690,4.05,22.96,1.2,1.661,0.04
11,300702,300702,天宇股份,2017-09-07,,3000,2700,22.41,22.99,1.2,6.723,0.03
12,002893,002893,华通热力,2017-09-06,,3000,2700,8.56,22.97,1.2,2.568,0.02
13,603813,732813,原尚股份,2017-09-06,,2207,1986,10.17,22.99,0.8,2.245,0.03
14,603321,732321,梅轮电梯,2017-09-06,,7700,6930,6.07,22.99,3.0,4.674,0.04
15,002899,002899,英派斯,2017-09-05,,3000,2700,16.05,22.99,1.2,4.815,0.02
16,300701,300701,森霸股份,2017-09-04,,2000,2000,13.14,22.98,2.0,2.628,0.01
17,603648,732648,畅联股份,2017-09-01,,9217,8295,7.37,22.96,3.6,6.802,0.05
18,603386,732386,广东骏亚,2017-08-31,,5050,4545,6.23,22.99,2.0,3.146,0.03
19,300700,300700,岱勒新材,2017-08-31,,2060,1854,10.49,22.98,0.8,2.161,0.02
20,603277,732277,银都股份,2017-08-30,2017-09-11,6600,5940,12.37,22.99,1.9,8.164,0.05
21,002898,002898,赛隆药业,2017-08-30,,4000,3600,8.31,22.98,1.6,3.324,0.03
22,002897,002897,意华股份,2017-08-29,2017-09-07,2667,2400,20.68,22.99,1.05,5.515,0.02
23,603882,732882,金域医学,2017-08-29,2017-09-08,6868,6181,6.93,22.97,2.0,4.76,0.05
24,300695,300695,兆丰股份,2017-08-28,2017-09-08,1668,1668,62.67,22.99,1.65,10.452,0.01
25,603725,732725,天安新材,2017-08-25,2017-09-06,3668,3301,9.64,22.99,1.4,3.536,0.03
26,603183,732183,建研院,2017-08-24,2017-09-05,2200,1980,13.56,22.98,0.8,2.983,0.03
27,603527,732527,众源新材,2017-08-24,2017-09-07,3110,2799,13.27,22.97,1.2,4.127,0.03
28,300697,300697,电工合金,2017-08-24,2017-09-07,4000,3600,7.63,22.97,1.6,3.052,0.03
29,300699,300699,光威复材,2017-08-23,2017-09-01,9200,8280,11.26,22.99,3.65,10.359,0.05
30,603500,732500,祥和实业,2017-08-23,2017-09-04,3150,2835,13.17,22.98,1.2,4.149,0.03
31,603359,732359,东珠景观,2017-08-22,2017-09-01,5690,5121,18.18,22.34,2.1,10.344,0.04
32,300698,300698,万马科技,2017-08-22,2017-08-31,3350,3015,6.0,22.98,1.3,2.01,0.03
33,002896,002896,中大力德,2017-08-18,2017-08-29,2000,2000,11.75,22.99,2.0,2.35,0.01
34,002895,002895,川恒股份,2017-08-16,2017-08-25,4001,3601,7.03,22.99,1.2,2.813,0.03
35,603127,732127,昭衍新药,2017-08-15,2017-08-25,2050,1845,12.51,22.98,0.7,2.565,0.03
36,603181,732181,皇马科技,2017-08-14,2017-08-24,5000,4500,10.36,22.99,2.0,5.18,0.03
37,603079,732079,圣达生物,2017-08-11,2017-08-23,2000,2000,15.09,22.99,2.0,3.018,0.02
38,300696,300696,爱乐达,2017-08-11,2017-08-22,1725,1725,22.38,22.99,1.7,3.861,0.01
39,300693,300693,盛弘股份,2017-08-10,2017-08-22,2281,2053,14.42,22.98,0.9,3.289,0.02
40,603976,732976,正川股份,2017-08-10,2017-08-22,2700,2430,14.32,22.99,1.0,3.866,0.03
41,300693,300693,盛弘股份,2017-08-10,2017-08-22,2281,2053,14.42,22.98,0.9,3.289,0.02
42,601949,780949,中国出版,2017-08-09,2017-08-21,36450,32805,3.34,22.96,10.9,12.174,0.14
43,300692,300692,中环环保,2017-08-09,2017-08-21,2667,2400,8.78,22.97,1.05,2.342,0.03
44,002892,002892,科力尔,2017-08-08,2017-08-17,2090,1584,17.56,22.98,0.8,3.141,0.02
45,603557,732557,起步股份,2017-08-08,2017-08-18,4700,4230,7.73,22.98,1.4,3.633,0.04
46,603129,732129,春风动力,2017-08-08,2017-08-18,3333,3000,13.63,22.98,1.3,4.543,0.03
47,603776,732776,永安行,2017-08-07,2017-08-17,2400,2160,26.85,22.99,0.9,6.444,0.03
48,601326,780326,秦港股份,2017-08-04,2017-08-16,55800,50220,2.34,49.62,16.7,13.057,0.2
49,300691,300691,联合光电,2017-08-02,2017-08-11,2140,1926,15.96,22.99,0.85,3.415,0.02
50,603619,732619,中曼石油,2017-08-02,,4000,3600,22.61,22.99,1.2,9.044,0.04
51,603721,732721,中广天择,2017-08-01,2017-08-11,2500,2250,7.05,22.99,1.0,1.762,0.03
52,300688,300688,创业黑马,2017-07-31,2017-08-10,1700,1700,10.75,22.99,1.7,1.827,0.01
53,300689,300689,澄天伟业,2017-07-31,2017-08-09,1700,1700,14.39,22.98,1.7,2.446,0.01
54,603458,732458,勘设股份,2017-07-28,2017-08-09,3104,2794,29.36,22.98,1.2,9.116,0.03
55,300690,300690,双一科技,2017-07-28,2017-08-08,1734,1734,32.12,21.12,1.7,5.57,0.01
56,603535,732535,嘉诚国际,2017-07-27,2017-08-08,3760,3384,15.17,22.85,1.4,5.704,0.03
57,603602,732602,纵横通信,2017-07-27,2017-08-10,2000,2000,15.18,22.99,2.0,3.036,0.02
58,300683,300683,海特生物,2017-07-27,2017-08-08,2584,2326,32.94,22.98,1.0,8.514,0.03
59,603978,732978,深圳新星,2017-07-26,2017-08-07,2000,2000,29.93,22.99,2.0,5.986,0.02
60,300686,300686,智动力,2017-07-26,2017-08-04,3130,2817,9.39,20.98,1.2,2.939,0.03
61,603880,732880,南卫股份,2017-07-26,2017-08-07,2500,2250,11.72,22.98,1.0,2.93,0.03
62,300687,300687,赛意信息,2017-07-25,2017-08-03,2000,2000,22.14,22.99,2.0,4.428,0.02
63,300685,300685,艾德生物,2017-07-24,2017-08-02,2000,2000,13.86,22.99,2.0,2.772,0.01
64,002890,002890,弘宇股份,2017-07-24,2017-08-02,1667,1667,12.76,22.99,1.65,2.127,0.01
65,603825,732825,华扬联众,2017-07-21,2017-08-02,4000,3600,14.67,22.98,1.6,5.868,0.03
66,603860,732860,中公高科,2017-07-21,2017-08-02,1668,1668,15.62,22.99,1.6,2.605,0.01
67,603357,732357,设计总院,2017-07-20,2017-08-01,8120,7308,10.44,17.61,3.2,8.483,0.05
68,002887,002887,绿茵生态,2017-07-20,2017-08-01,2000,2000,42.01,22.98,2.0,8.402,0.01
69,300682,300682,朗新科技,2017-07-20,2017-08-01,4500,4050,5.51,22.99,1.35,2.479,0.04
70,603233,732233,大参林,2017-07-19,2017-07-31,4001,3601,24.72,22.99,1.2,9.89,0.04
71,300679,300679,电连技术,2017-07-19,2017-07-31,3000,2700,67.72,22.99,1.2,20.316,0.03
72,002889,002889,东方嘉盛,2017-07-18,2017-07-31,3453,3108,12.94,22.98,1.35,4.468,0.03
73,603063,732063,禾望电气,2017-07-18,2017-07-28,6000,5400,13.36,22.98,1.8,8.016,0.05
74,603730,732730,岱美股份,2017-07-18,2017-07-28,4800,4320,24.92,22.92,1.4,11.962,0.04
75,300681,300681,英搏尔,2017-07-14,2017-07-25,1890,1890,17.46,22.99,1.85,3.3,0.01
76,300678,300678,中科信息,2017-07-13,2017-07-28,2500,2250,7.85,22.99,1.0,1.962,0.03
77,300680,300680,隆盛科技,2017-07-13,2017-07-25,1700,1700,8.68,19.29,1.7,1.476,0.01
78,002888,002888,惠威科技,2017-07-12,2017-07-21,2078,1870,8.97,22.97,0.8,1.864,0.02
79,300677,300677,英科医疗,2017-07-12,2017-07-21,2431,2188,20.39,22.99,0.95,4.957,0.03
80,603676,732676,卫信康,2017-07-11,2017-07-21,6300,5670,5.53,22.96,1.8,3.484,0.05
81,601619,780619,嘉泽新能,2017-07-10,2017-07-20,19371,17434,1.26,17.87,5.8,2.441,0.09
82,603707,732707,健友股份,2017-07-07,2017-07-19,6350,5715,7.21,22.98,1.9,4.578,0.05
83,603612,732612,索通发展,2017-07-06,2017-07-18,6020,5418,7.88,22.97,2.3,4.744,0.04
84,300676,300676,华大基因,2017-07-05,2017-07-14,4010,3609,13.64,22.99,1.2,5.47,0.04
85,300675,300675,建科院,2017-07-05,2017-07-19,3667,3300,3.66,22.96,1.35,1.342,0.03
86,603387,732387,基蛋生物,2017-07-05,2017-07-17,3300,2970,22.25,22.99,1.3,7.343,0.03
87,300673,300673,佩蒂股份,2017-06-30,2017-07-11,2000,2000,22.34,22.99,2.0,4.468,0.02
88,603595,732595,东尼电子,2017-06-30,2017-07-12,2500,2250,13.01,22.99,1.0,3.252,0.03
89,002884,002884,凌霄泵业,2017-06-29,2017-07-11,1937,1937,29.11,16.44,1.9,5.639,0.01
90,603757,732757,大元泵业,2017-06-29,2017-07-11,2100,1890,22.42,16.3,0.8,4.708,0.03
91,300672,300672,国科微,2017-06-28,2017-07-12,2794,2515,8.48,22.98,1.1,2.369,0.03
92,603305,732305,旭升股份,2017-06-28,2017-07-10,4160,3744,11.26,22.98,1.2,4.684,0.04
93,603933,732933,睿能科技,2017-06-26,2017-07-06,2567,2310,20.2,22.99,1.0,5.185,0.03
94,603331,732331,百达精工,2017-06-23,2017-07-05,3181,2863,9.63,22.98,1.2,3.064,0.03
95,300671,300671,富满电子,2017-06-23,2017-07-05,2535,2282,8.11,22.97,1.0,2.056,0.03
96,300670,300670,大烨智能,2017-06-22,2017-07-03,2700,2430,10.93,22.98,1.05,2.951,0.03
97,603617,732617,君禾股份,2017-06-21,2017-07-03,2500,2250,8.93,17.53,1.0,2.234,0.03
98,603801,732801,志邦股份,2017-06-20,2017-06-30,4000,3600,23.47,22.92,1.6,9.391,0.03
99,300669,300669,沪宁股份,2017-06-19,2017-06-29,2105,1895,11.0,22.96,0.8,2.316,0.02
100,603938,732938,三孚股份,2017-06-16,2017-06-28,3756,3380,9.64,22.99,1.4,3.62,0.03
101,603286,732286,日盈电子,2017-06-15,2017-06-27,2202,1982,7.93,22.97,0.8,1.746,0.03
102,002885,002885,京泉华,2017-06-15,2017-06-27,2000,2000,15.53,22.61,2.0,3.106,0.01
103,603043,732043,广州酒家,2017-06-15,2017-06-27,5000,4500,13.18,20.28,1.5,6.59,0.04
104,002886,002886,沃特股份,2017-06-14,2017-06-27,1961,1961,13.24,22.99,1.9,2.596,0.01
105,601878,780878,浙商证券,2017-06-13,2017-06-26,33333,30000,8.45,22.98,10.0,28.167,0.13
106,002882,002882,金龙羽,2017-06-13,2017-07-17,8000,7200,6.2,22.96,2.4,4.96,0.05
107,603380,732380,易德龙,2017-06-12,2017-06-22,4000,3600,10.68,22.99,1.6,4.272,0.03
108,002881,002881,美格智能,2017-06-09,2017-06-22,2667,2400,8.96,22.98,1.05,2.901,0.02
109,603679,732679,华体科技,2017-06-09,2017-06-21,2500,2250,9.44,22.99,1.0,2.36,0.03
110,603335,732335,迪生力,2017-06-09,2017-06-20,6334,5701,3.62,18.33,2.5,2.375,0.04
111,002883,002883,中设股份,2017-06-08,2017-06-20,1333,1333,15.67,22.98,1.3,2.089,0.01
112,603316,732316,诚邦股份,2017-06-07,2017-06-19,5082,4574,6.82,22.98,2.0,3.466,0.04
113,300667,300667,必创科技,2017-06-07,2017-06-19,1700,1700,10.75,22.97,1.7,1.827,0.01
114,300668,300668,杰恩设计,2017-06-06,2017-06-19,1058,1058,20.92,22.99,1.05,2.213,0.01
115,300666,300666,江丰电子,2017-06-05,2017-06-15,5469,4922,4.64,22.98,2.15,2.538,0.04
116,603226,732226,菲林格尔,2017-06-05,2017-06-15,2167,1950,17.56,22.99,0.8,3.805,0.03
117,603980,732980,吉华集团,2017-06-05,2017-06-15,10000,9000,17.2,22.98,3.0,17.2,0.06
118,002880,002880,卫光生物,2017-06-02,2017-06-16,2700,2430,25.11,18.88,1.0,6.78,0.03
119,603879,732879,永悦科技,2017-06-02,2017-06-14,3600,3240,6.75,22.97,1.4,2.43,0.03
120,603536,732536,惠发股份,2017-06-01,2017-06-13,3000,2700,7.63,22.97,1.2,2.289,0.03
121,002879,002879,长缆科技,2017-06-01,2017-07-07,3500,3150,18.02,22.99,1.4,6.307,0.03
122,603767,732767,中马传动,2017-06-01,2017-06-13,5333,4800,11.19,22.98,2.1,5.968,0.04
123,300665,300665,飞鹿股份,2017-05-31,2017-06-13,1900,1900,10.13,22.95,1.9,1.925,0.01
124,300663,300663,科蓝软件,2017-05-25,2017-06-08,3286,2957,7.27,22.99,1.3,2.389,0.03
125,300662,300662,科锐国际,2017-05-25,2017-06-08,4500,4050,6.55,22.97,1.8,2.947,0.03
126,603496,732496,恒为科技,2017-05-24,2017-06-07,2500,2250,14.14,22.98,1.0,3.535,0.03
127,002877,002877,智能自控,2017-05-23,2017-06-05,3056,2750,8.4,22.99,1.2,2.567,0.03
128,300661,300661,圣邦股份,2017-05-22,2017-06-06,1500,1500,29.82,22.99,1.5,4.473,0.01
129,603042,732042,华脉科技,2017-05-19,2017-06-02,3400,3060,11.26,22.98,1.3,3.828,0.03
130,002878,002878,元隆雅图,2017-05-19,2017-06-06,1884,1884,14.48,22.75,1.85,2.728,0.01
131,300660,300660,江苏雷利,2017-05-19,2017-06-02,2527,2274,50.19,22.99,1.0,12.683,0.03
132,002875,002875,安奈儿,2017-05-18,2017-06-01,2500,2250,17.07,22.99,1.0,4.268,0.02
133,603200,732200,上海洗霸,2017-05-18,2017-06-01,1843,1843,17.35,22.98,1.8,3.198,0.01
134,603326,732326,我乐家居,2017-05-18,2017-06-16,4000,3600,9.87,22.97,1.6,3.948,0.03
135,300658,300658,延江股份,2017-05-17,2017-06-02,2500,2250,19.41,22.84,1.0,4.853,0.02
136,603196,732196,日播时尚,2017-05-17,2017-05-31,6000,5400,7.08,22.99,2.4,4.248,0.04
137,300659,300659,中孚信息,2017-05-17,2017-05-26,2040,1836,12.85,22.98,0.8,2.621,0.02
138,002876,002876,三利谱,2017-05-16,2017-05-25,2000,2000,19.12,22.99,2.0,3.824,0.01
139,603580,732580,艾艾精工,2017-05-15,2017-05-25,1667,1667,9.81,22.98,1.6,1.635,0.01
140,300657,300657,弘信电子,2017-05-12,2017-05-23,2600,2340,7.77,22.94,1.0,2.02,0.03
141,603855,732855,华荣股份,2017-05-12,2017-05-24,8277,7449,7.59,22.98,3.3,6.282,0.05
142,300655,300655,晶瑞股份,2017-05-11,2017-05-23,2206,1986,6.92,22.98,0.8,1.527,0.03
143,603383,732383,顶点软件,2017-05-10,2017-05-22,2105,1895,19.05,22.98,0.8,4.01,0.02
144,002872,002872,天圣制药,2017-05-10,2017-05-19,5300,4770,22.37,22.98,2.1,11.856,0.03
145,300656,300656,民德电子,2017-05-09,2017-05-19,1500,1500,15.6,22.84,1.5,2.34,0.01
146,603197,732197,保隆科技,2017-05-09,2017-05-19,2928,2635,22.87,21.66,1.1,6.787,0.03
147,002873,002873,新天药业,2017-05-08,2017-05-19,1722,1722,18.41,22.99,1.7,3.17,0.01
148,603758,732758,秦安股份,2017-05-05,2017-05-17,6000,5400,10.8,21.96,1.8,6.492,0.04
149,603269,732269,海鸥股份,2017-05-05,2017-05-17,2287,2058,8.76,22.99,0.9,2.003,0.02
150,300652,300652,雷迪克,2017-05-05,2017-05-16,2200,1980,15.88,21.96,0.85,3.5,0.02
151,603488,732488,展鹏科技,2017-05-04,2017-05-16,5200,4680,7.67,22.99,2.0,3.988,0.03
152,002870,002870,香山股份,2017-05-04,2017-05-15,2767,2490,20.44,22.99,1.1,5.656,0.02
153,601952,780952,苏垦农发,2017-05-03,2017-05-15,26000,23400,9.32,22.12,7.8,24.232,0.1
154,300653,300653,正海生物,2017-05-03,2017-05-16,2000,2000,11.72,22.98,2.0,2.344,0.01
155,002871,002871,伟隆股份,2017-05-02,2017-05-11,1700,1700,15.39,21.31,1.7,2.616,0.01
156,603180,732180,金牌厨柜,2017-05-02,2017-05-12,1700,1700,27.85,22.99,1.7,4.734,0.01
157,002869,002869,金溢科技,2017-05-02,2017-05-15,2952,2657,21.8,22.99,1.15,6.435,0.02
158,603113,732113,金能科技,2017-04-28,2017-05-11,7730,6957,13.37,22.98,2.3,10.335,0.05
159,603086,732086,先达股份,2017-04-28,2017-05-11,2000,2000,17.64,15.26,2.0,3.528,0.01
160,603896,732896,寿仙谷,2017-04-27,2017-05-10,3495,3146,11.54,22.98,1.3,4.033,0.03
161,603926,732926,铁流股份,2017-04-27,2017-05-10,3000,2700,20.4,22.98,1.2,6.12,0.03
162,603229,732229,奥翔药业,2017-04-26,2017-05-09,4000,3600,7.81,22.98,1.6,3.124,0.03
163,603728,732728,鸣志电器,2017-04-26,2017-05-09,8000,7200,11.23,22.98,3.2,8.984,0.04
164,300651,300651,金陵体育,2017-04-24,2017-05-09,1893,1893,13.71,22.98,1.85,2.596,0.01
165,603985,732985,恒润股份,2017-04-24,2017-05-05,2000,2000,26.97,22.99,2.0,5.394,0.01
166,300649,300649,杭州园林,2017-04-24,2017-05-05,1600,1600,9.04,22.97,1.6,1.446,0.01
167,300643,300643,万通智控,2017-04-21,2017-05-05,5000,4500,4.3,22.01,2.0,2.15,0.03
168,300650,300650,太龙照明,2017-04-21,2017-05-03,1579,1579,13.95,22.99,1.55,2.202,0.01
169,603501,732501,韦尔股份,2017-04-21,2017-05-04,4160,3744,7.02,22.99,1.2,2.92,0.04
170,603505,732505,金石资源,2017-04-20,2017-05-03,6000,5400,3.74,22.94,2.4,2.244,0.04
171,002868,002868,绿康生化,2017-04-20,2017-05-03,3000,2700,15.2,20.5,1.2,4.56,0.02
172,300647,300647,超频三,2017-04-20,2017-05-03,3000,2700,8.96,22.99,1.2,2.688,0.03
173,603320,732320,迪贝电气,2017-04-19,2017-05-02,2500,2250,9.93,22.98,1.0,2.482,0.02
174,002867,002867,周大生,2017-04-18,2017-04-27,7685,6917,19.92,22.99,2.15,15.309,0.04
175,002866,002866,传艺科技,2017-04-17,2017-04-26,3591,3232,13.4,22.99,1.4,4.811,0.02
176,300514,300514,友讯达,2017-04-17,2017-04-26,2500,2250,8.46,22.98,1.0,2.115,0.02
177,603787,732787,新日股份,2017-04-17,2017-04-27,5100,4590,6.09,22.97,2.0,3.106,0.03
178,603920,732920,世运电路,2017-04-14,2017-04-26,8880,7992,15.08,22.98,2.6,13.391,0.05
179,002865,002865,钧达股份,2017-04-14,2017-04-25,3000,2700,9.05,22.07,1.2,2.715,0.02
180,603096,732096,新经典,2017-04-14,2017-04-25,3336,3002,21.55,21.22,1.3,7.189,0.03
181,300648,300648,星云股份,2017-04-13,2017-04-25,1700,1700,15.74,22.99,1.7,2.676,0.01
182,300642,300642,透景生命,2017-04-12,2017-04-21,1500,1500,36.1,22.99,1.5,5.415,0.01
183,300645,300645,正元智慧,2017-04-12,2017-04-21,1667,1667,12.35,22.98,1.65,2.058,0.01
184,300554,300554,三超新材,2017-04-11,2017-04-21,1300,1300,14.99,22.99,1.3,1.949,0.01
185,603232,732232,格尔软件,2017-04-11,2017-04-21,1525,1525,18.1,22.91,1.5,2.76,0.01
186,603139,732139,康惠制药,2017-04-10,2017-04-21,2497,2247,14.57,22.98,0.9,3.638,0.03
187,603081,732081,大丰实业,2017-04-10,2017-04-20,5180,4662,10.42,22.98,1.5,5.398,0.04
188,603225,732225,新凤鸣,2017-04-07,2017-04-18,7730,6957,26.68,22.99,2.3,20.624,0.05
189,603803,732803,瑞斯康达,2017-04-07,2017-04-20,5680,5112,13.72,22.98,1.6,7.793,0.04
190,002863,002863,今飞凯达,2017-04-06,2017-04-18,5550,4995,5.48,21.92,2.05,3.041,0.03
191,300641,300641,正丹股份,2017-04-06,2017-04-18,7200,6480,10.73,22.98,2.85,7.726,0.04
192,300640,300640,德艺文创,2017-04-05,2017-04-17,2000,2000,9.41,22.98,2.0,1.882,0.01
193,300604,300604,长川科技,2017-04-05,2017-04-17,1905,1905,9.94,22.97,1.9,1.894,0.01
194,603826,732826,坤彩科技,2017-03-31,2017-04-14,9000,8100,6.79,22.97,3.6,6.111,0.05
195,002861,002861,瀛通通讯,2017-03-31,2017-04-13,3068,2761,17.25,22.7,1.2,5.292,0.02
196,603050,732050,科林电气,2017-03-31,2017-04-14,3334,3001,10.29,22.99,1.3,3.431,0.03
197,300637,300637,扬帆新材,2017-03-30,2017-04-12,3000,2700,10.02,19.95,1.2,3.006,0.03
198,603797,732797,联泰环保,2017-03-30,2017-04-13,5334,4801,5.96,22.98,2.1,3.179,0.03
199,300639,300639,凯普生物,2017-03-30,2017-04-12,2250,2025,18.39,22.99,0.75,4.138,0.03
200,002860,002860,星帅尔,2017-03-29,2017-04-12,1899,1368,19.81,20.74,0.75,3.141,0.02
201,601366,780366,利群股份,2017-03-29,2017-04-12,17600,15840,8.82,22.98,5.2,15.523,0.08
202,002862,002862,实丰文化,2017-03-29,2017-04-11,2000,2000,11.17,22.98,2.0,2.234,0.01
203,300638,300638,广和通,2017-03-27,2017-04-13,2000,2000,10.45,22.97,2.0,2.09,0.01
204,603078,732078,江化微,2017-03-27,2017-04-10,1500,1500,24.18,22.99,1.5,3.627,0.01
205,603538,732538,美诺华,2017-03-24,2017-04-07,3000,2700,14.03,22.98,1.2,4.209,0.03
206,300633,300633,开立医疗,2017-03-24,2017-04-06,4001,3601,5.23,22.97,1.15,2.093,0.03
207,300632,300632,光莆股份,2017-03-24,2017-04-06,2895,2606,7.39,22.96,1.15,2.139,0.03
208,603586,732586,金麒麟,2017-03-23,2017-04-06,5250,4725,21.37,22.98,2.1,11.219,0.03
209,300635,300635,达安股份,2017-03-23,2017-03-31,2120,1908,12.39,19.51,0.8,2.627,0.02
210,603906,732906,龙蟠科技,2017-03-23,2017-04-10,5200,4680,9.52,22.99,2.0,4.95,0.03
211,002859,002859,洁美科技,2017-03-22,2017-04-07,2557,2095,29.82,22.98,1.0,6.979,0.02
212,603385,732385,惠达卫浴,2017-03-22,2017-04-05,7104,6394,13.27,21.4,2.8,9.427,0.04
213,300636,300636,同和药业,2017-03-21,2017-03-31,2000,2000,14.47,22.98,2.0,2.894,0.01
214,603303,732303,得邦照明,2017-03-20,2017-03-30,6000,5400,18.63,15.1,2.4,11.178,0.04
215,603041,732041,美思德,2017-03-20,2017-03-30,2500,2250,12.92,20.01,1.0,3.23,0.02
216,601228,780228,广州港,2017-03-17,2017-03-29,69868,62881,2.29,22.98,20.9,16.0,0.22
217,603833,732833,欧派家居,2017-03-16,2017-03-28,4151,3736,50.08,22.99,1.2,20.788,0.04
218,603178,732178,圣龙股份,2017-03-16,2017-03-28,5000,4500,7.53,22.99,2.0,3.765,0.03
219,603717,732717,天域生态,2017-03-15,2017-03-27,4318,3886,14.63,22.99,1.7,6.317,0.03
220,002774,002774,快意电梯,2017-03-15,2017-03-24,8370,7533,6.1,22.98,3.3,5.106,0.04
221,002858,002858,力盛赛车,2017-03-15,2017-03-24,1580,1580,10.67,22.98,1.55,1.686,0.01
222,603388,732388,元成股份,2017-03-14,2017-03-24,2500,2250,12.1,22.99,1.0,3.025,0.02
223,300630,300630,普利制药,2017-03-14,2017-03-28,3053,2748,11.49,22.99,1.2,3.508,0.03
224,603768,732768,常青股份,2017-03-14,2017-03-24,5100,4590,16.32,22.99,2.0,8.323,0.03
225,300631,300631,久吾高科,2017-03-13,2017-03-23,1610,1610,11.97,22.98,1.6,1.927,0.01
226,300629,300629,新劲刚,2017-03-13,2017-03-24,1667,1667,8.28,22.97,1.65,1.38,0.01
227,002857,002857,三晖电气,2017-03-10,2017-03-23,2000,2000,10.26,22.98,2.0,2.052,0.01
228,300627,300627,华测导航,2017-03-10,2017-03-21,2980,2682,12.77,22.17,1.15,3.805,0.03
229,300626,300626,华瑞股份,2017-03-09,2017-03-20,2500,2250,7.5,22.98,1.0,1.875,0.02
230,603656,732656,泰禾光电,2017-03-09,2017-03-21,1899,1899,21.91,22.98,1.8,4.161,0.02
231,603133,732133,碳元科技,2017-03-08,2017-03-20,5200,4680,7.87,22.98,2.0,4.092,0.04
232,002856,002856,美芝股份,2017-03-08,2017-03-20,2534,2281,11.61,22.99,1.0,2.942,0.02
233,002855,002855,捷荣技术,2017-03-08,2017-03-21,6000,5400,6.54,22.99,2.4,3.924,0.03
234,300625,300625,三雄极光,2017-03-07,2017-03-17,7000,6300,19.3,22.99,2.8,13.51,0.04
235,603517,732517,绝味食品,2017-03-07,2017-03-17,5000,4500,16.09,22.99,1.5,8.045,0.04
236,603179,732179,新泉股份,2017-03-07,2017-03-17,3985,3587,14.01,20.26,1.5,5.583,0.03
237,300628,300628,亿联网络,2017-03-06,2017-03-17,1867,1867,88.67,15.76,1.85,16.555,0.01
238,603811,732811,诚意药业,2017-03-03,2017-03-15,2130,1917,15.76,20.67,0.8,3.357,0.03
239,300621,300621,维业股份,2017-03-03,2017-03-16,3400,3060,8.6,22.99,1.35,2.924,0.03
240,603811,732811,诚意药业,2017-03-03,2017-03-15,2130,1917,15.76,20.67,0.8,3.357,0.03
241,603960,732960,克来机电,2017-03-02,2017-03-14,2000,2000,9.51,22.99,2.0,1.902,0.02
242,300622,300622,博士眼镜,2017-03-02,2017-03-15,2145,1931,9.83,22.98,0.8,2.109,0.03
243,603903,732903,中持股份,2017-03-02,2017-03-14,2561,2305,9.88,22.98,1.0,2.53,0.03
244,603665,732665,康隆达,2017-03-01,2017-03-13,2500,2250,21.4,22.99,1.0,5.35,0.03
245,603630,732630,拉芳家化,2017-03-01,2017-03-13,4360,3924,18.39,22.99,1.5,8.018,0.04
246,300620,300620,光库科技,2017-03-01,2017-03-10,2200,1980,11.43,22.99,0.85,2.515,0.02
247,002852,002852,道道全,2017-02-28,2017-03-10,2500,2250,47.3,22.99,1.0,11.825,0.02
248,603955,732955,大千生态,2017-02-28,2017-03-10,2175,1958,15.26,22.97,0.7,3.319,0.03
249,603991,732991,至正股份,2017-02-24,2017-03-08,1870,1870,10.61,22.99,1.8,1.984,0.02
250,002853,002853,皮阿诺,2017-02-24,2017-03-10,1560,1560,31.03,22.99,1.55,4.841,0.01
251,300618,300618,寒锐钴业,2017-02-23,2017-03-06,3000,2700,12.45,22.99,1.2,3.735,0.03
252,603908,732908,牧高笛,2017-02-23,2017-03-07,1669,1669,16.37,22.99,1.6,2.732,0.01
253,300616,300616,尚品宅配,2017-02-23,2017-03-07,2700,2430,54.35,22.99,1.0,14.675,0.03
254,603578,732578,三星新材,2017-02-22,2017-03-06,2200,1980,12.26,22.99,0.8,2.697,0.03
255,002851,002851,麦格米特,2017-02-22,2017-03-06,4450,4005,12.17,22.99,1.75,5.416,0.03
256,603138,732138,海量数据,2017-02-22,2017-03-06,2050,1845,9.99,19.82,0.8,2.048,0.02
257,002850,002850,科达利,2017-02-21,2017-03-02,3500,3150,37.7,22.99,1.4,13.195,0.03
258,300617,300617,安靠智电,2017-02-15,2017-02-28,1667,1667,24.38,22.99,1.65,4.064,0.01
259,300619,300619,金银河,2017-02-15,2017-03-01,1868,1868,10.98,22.98,1.85,2.051,0.01
260,603345,732345,安井食品,2017-02-10,2017-02-22,5401,4861,11.12,22.99,2.1,6.006,0.04
261,603238,732238,诺邦股份,2017-02-10,2017-02-22,3000,2700,13.31,22.99,1.2,3.993,0.03
262,300611,300611,美力科技,2017-02-09,2017-02-20,2237,2013,11.97,22.99,0.85,2.678,0.03
263,600939,730939,重庆建工,2017-02-09,2017-02-21,18150,16335,3.12,22.92,5.4,5.663,0.09
264,603817,732817,海峡环保,2017-02-08,2017-02-20,11250,10125,4.04,22.99,3.3,4.545,0.06
265,300613,300613,富瀚微,2017-02-08,2017-02-20,1111,1111,55.64,22.99,1.1,6.182,0.01
266,002849,002849,威星智能,2017-02-07,2017-02-17,2167,1950,12.08,22.99,0.8,2.617,0.02
267,603603,732603,博天环境,2017-02-07,2017-02-17,4001,3601,6.74,22.97,1.2,2.697,0.04
268,300615,300615,欣天科技,2017-02-03,2017-02-15,2000,2000,14.37,22.98,2.0,2.874,0.02
269,601212,780212,白银有色,2017-02-03,2017-02-15,69800,62820,1.78,556.25,20.9,12.424,0.25
270,300612,300612,宣亚国际,2017-02-03,2017-02-15,1800,1800,16.14,22.98,1.8,2.905,0.02
271,002848,002848,高斯贝尔,2017-01-26,2017-02-13,4180,3762,6.31,22.98,1.65,2.638,0.03
272,300609,300609,汇纳科技,2017-01-26,2017-02-15,2500,2250,8.12,22.97,1.0,2.03,0.03
273,603330,732330,上海天洋,2017-01-25,2017-02-13,1500,1500,18.19,22.99,1.5,2.728,0.01
274,300610,300610,晨化股份,2017-01-25,2017-02-13,2500,2250,10.57,22.98,1.0,2.643,0.03
275,603615,732615,茶花股份,2017-01-25,2017-02-13,6000,5400,8.37,22.98,2.4,5.022,0.04
276,300608,300608,思特奇,2017-01-24,2017-02-13,1686,1686,16.16,22.98,1.65,2.724,0.01
277,603839,732839,安正时尚,2017-01-24,2017-02-14,7126,6413,16.78,22.98,2.8,11.957,0.05
278,603208,732208,江山欧派,2017-01-24,2017-02-10,2021,1819,24.83,22.99,0.7,5.018,0.03
279,300607,300607,拓斯达,2017-01-23,2017-02-09,1812,1812,18.74,22.98,1.8,3.396,0.01
280,603040,732040,新坐标,2017-01-23,2017-02-09,1500,1500,16.44,22.99,1.5,2.466,0.01
281,603626,732626,科森科技,2017-01-23,2017-02-09,5267,4740,18.85,20.75,2.1,9.928,0.04
282,300605,300605,恒锋信息,2017-01-20,2017-02-08,2100,1890,9.4,22.97,0.8,1.974,0.03
283,603637,732637,镇海股份,2017-01-20,2017-02-08,2558,2302,13.86,22.99,1.0,3.545,0.03
284,300601,300601,康泰生物,2017-01-20,2017-02-07,4200,3780,3.29,22.94,1.25,1.382,0.04
285,002846,002846,英联股份,2017-01-19,2017-02-07,3000,2700,8.33,22.96,1.2,2.499,0.03
286,002847,002847,盐津铺子,2017-01-19,2017-02-08,3100,2790,9.14,22.99,1.2,2.833,0.03
287,603177,732177,德创环保,2017-01-19,2017-02-07,5050,4545,3.6,22.97,2.0,1.818,0.04
288,603360,732360,百傲化学,2017-01-18,2017-02-06,3334,3001,9.24,22.92,1.3,3.082,0.03
289,603677,732677,奇精机械,2017-01-18,2017-02-06,2000,2000,21.13,22.99,2.0,4.226,0.02
290,300606,300606,金太阳,2017-01-18,2017-02-08,2230,2007,8.36,22.97,0.8,1.864,0.03
291,603881,732881,数据港,2017-01-17,2017-02-08,5265,4739,7.8,22.99,2.1,4.107,0.04
292,300602,300602,飞荣达,2017-01-17,2017-01-26,2500,2250,14.82,15.1,1.0,3.705,0.03
293,300603,300603,立昂技术,2017-01-17,2017-01-26,2570,2313,4.55,22.99,1.0,1.169,0.03
294,603089,732089,正裕工业,2017-01-16,2017-01-26,2667,2400,11.63,20.11,0.9,3.211,0.03
295,300578,300578,会畅通讯,2017-01-16,2017-01-25,1800,1800,9.7,22.97,1.8,1.746,0.01
296,300600,300600,瑞特股份,2017-01-16,2017-01-25,2500,2250,13.73,17.35,1.0,3.433,0.03
297,603966,732966,法兰泰克,2017-01-13,2017-01-25,4000,3600,7.32,22.88,1.6,2.928,0.03
298,603358,732358,华达科技,2017-01-13,2017-01-25,4000,3600,31.18,19.83,1.6,12.472,0.03
299,002845,002845,同兴达,2017-01-13,2017-01-25,2400,2160,15.99,22.99,0.95,3.838,0.02
300,002839,002839,张家港行,2017-01-12,2017-01-24,18076,16268,4.37,14.64,5.4,7.899,0.07
301,603429,732429,集友股份,2017-01-12,2017-01-24,1700,1700,15.0,22.97,1.7,2.55,0.01
302,300597,300597,吉大通信,2017-01-12,2017-01-23,6000,5400,5.53,22.99,2.4,3.318,0.04
303,300599,300599,雄塑科技,2017-01-11,2017-01-23,7600,6840,7.04,22.98,3.0,5.35,0.04
304,300598,300598,诚迈科技,2017-01-11,2017-01-20,2000,2000,8.73,22.99,2.0,1.746,0.02
305,601881,780881,中国银河,2017-01-11,2017-01-23,60000,54000,6.81,7.02,18.0,40.86,0.21
306,603638,732638,艾迪精密,2017-01-10,2017-01-20,4400,3960,6.58,22.98,1.7,2.895,0.03
307,002843,002843,泰嘉股份,2017-01-10,2017-01-20,3500,3150,6.08,22.96,1.4,2.128,0.03
308,603037,732037,凯众股份,2017-01-10,2017-01-20,2000,2000,16.01,22.98,2.0,3.202,0.02
309,300592,300592,华凯创意,2017-01-09,2017-01-20,3060,2754,5.21,22.95,1.2,1.596,0.03
310,002841,002841,视源股份,2017-01-09,2017-01-19,4050,3645,19.06,22.99,1.15,7.719,0.03
311,603337,732337,杰克股份,2017-01-09,2017-01-19,5167,4650,17.72,22.99,2.0,9.156,0.04
312,300596,300596,利安隆,2017-01-06,2017-01-19,3000,2700,11.29,19.17,1.2,3.387,0.03
313,601858,780858,中国科传,2017-01-06,2017-01-18,13050,11745,6.84,22.97,3.9,8.926,0.07
314,300595,300595,欧普康视,2017-01-06,2017-01-17,1700,1700,23.81,20.36,1.7,4.048,0.01
315,002842,002842,翔鹭钨业,2017-01-05,2017-01-19,2500,2250,11.42,22.98,1.0,2.855,0.02
316,603165,732165,荣晟环保,2017-01-05,2017-01-17,3168,2851,10.44,17.13,1.2,3.307,0.03
317,603668,732668,天马科技,2017-01-05,2017-01-17,5300,4770,6.21,22.97,2.1,3.291,0.04
318,300589,300589,江龙船艇,2017-01-04,2017-01-13,2167,1950,6.34,22.98,0.85,1.374,0.02
319,603038,732038,华立股份,2017-01-04,2017-01-16,1670,1670,23.26,22.98,1.6,3.884,0.01
320,603038,732038,华立股份,2017-01-04,2017-01-16,1670,1670,23.26,22.98,1.6,3.884,0.01
321,603690,732690,至纯科技,2017-01-03,2017-01-13,5200,4680,1.73,22.88,2.0,0.9,0.04
322,002824,002824,和胜股份,2017-01-03,2017-01-12,3000,2700,9.8,22.98,1.2,2.94,0.02
323,603039,732039,泛微网络,2017-01-03,2017-01-13,1667,1667,14.9,22.99,1.6,2.484,0.01
324,603639,732639,海利尔,2016-12-30,2017-01-12,3000,2700,24.95,22.95,1.2,7.485,0.03
325,300584,300584,海辰药业,2016-12-30,2017-01-12,2000,2000,11.11,22.99,2.0,2.222,0.02
326,300580,300580,贝斯特,2016-12-30,2017-01-11,5000,4500,9.59,22.98,1.5,4.795,0.04
327,603579,732579,荣泰健康,2016-12-29,2017-01-11,1750,1750,44.66,22.89,1.7,7.816,0.02
328,300590,300590,移为通信,2016-12-29,2017-01-11,2000,2000,28.48,22.99,2.0,5.696,0.02
329,603628,732628,清源股份,2016-12-29,2017-01-12,6845,6161,5.57,22.99,2.7,3.813,0.04
330,300591,300591,万里马,2016-12-28,2017-01-10,6000,5400,3.07,22.98,2.4,1.842,0.04
331,603266,732266,天龙股份,2016-12-28,2017-01-10,2500,2250,14.63,22.99,1.0,3.658,0.03
332,603689,732689,皖天然气,2016-12-28,2017-01-10,8400,7560,7.87,22.98,3.3,6.611,0.05
333,002840,002840,华统股份,2016-12-27,2017-01-10,4467,4020,6.55,22.97,1.75,2.926,0.03
334,300583,300583,赛托生物,2016-12-27,2017-01-06,2667,2400,40.29,22.99,0.95,10.744,0.03
335,603877,732877,太平鸟,2016-12-27,2017-01-09,5500,4950,21.3,22.97,1.6,11.715,0.04
336,300587,300587,天铁股份,2016-12-26,2017-01-05,2600,2340,14.11,22.98,1.0,3.669,0.03
337,603228,732228,景旺电子,2016-12-26,2017-01-06,4800,4320,23.16,22.97,1.4,11.117,0.04
338,002838,002838,道恩股份,2016-12-26,2017-01-06,2100,1890,15.28,22.99,0.8,3.209,0.02
339,300588,300588,熙菱信息,2016-12-23,2017-01-05,2500,2250,4.94,22.98,1.0,1.235,0.03
340,603032,732032,德新交运,2016-12-23,2017-01-05,3334,3001,5.81,20.93,1.3,1.984,0.03
341,603035,732035,常熟汽饰,2016-12-23,2017-01-05,7000,6300,10.44,15.09,2.8,7.31,0.04
342,603186,732186,华正新材,2016-12-22,2017-01-03,3235,2912,5.37,22.97,1.2,1.737,0.03
343,603444,732444,吉比特,2016-12-22,2017-01-04,1780,1780,54.0,22.96,1.7,9.612,0.02
344,300586,300586,美联新材,2016-12-22,2017-01-04,2400,2160,9.3,22.99,0.95,2.232,0.03
345,603239,732239,浙江仙通,2016-12-21,2016-12-30,2256,2030,21.84,22.99,0.8,4.927,0.03
346,002836,002836,新宏泽,2016-12-21,2016-12-29,2000,2000,8.09,17.74,2.0,1.618,0.01
347,300585,300585,奥联电子,2016-12-20,2016-12-29,2000,2000,9.86,20.74,2.0,1.972,0.02
348,603929,732929,亚翔集成,2016-12-20,2016-12-30,5336,4802,4.94,13.35,2.1,2.641,0.04
349,002837,002837,英维克,2016-12-19,2016-12-29,2000,2000,18.0,22.22,2.0,3.6,0.01
350,002833,002833,弘亚数控,2016-12-19,2016-12-28,3336,3002,10.11,15.56,1.3,3.376,0.03
351,603218,732218,日月股份,2016-12-19,2016-12-28,4100,3690,23.9,22.99,1.2,9.799,0.04
352,300582,300582,英飞特,2016-12-16,2016-12-28,3300,2970,14.85,22.98,1.3,4.901,0.03
353,601375,780375,中原证券,2016-12-16,2017-01-03,70000,63000,4.0,11.23,21.0,28.0,0.24
354,603886,732886,元祖股份,2016-12-15,2016-12-28,6000,5400,10.16,22.98,2.4,6.096,0.04
355,002835,002835,同为股份,2016-12-15,2016-12-28,2700,2430,12.34,22.98,1.05,3.332,0.02
356,603298,732298,杭叉集团,2016-12-14,2016-12-27,8666,7799,12.67,22.97,2.5,10.98,0.06
357,002832,002832,比音勒芬,2016-12-14,2016-12-23,2667,2400,26.17,22.99,1.05,6.98,0.02
358,600996,730996,贵广网络,2016-12-13,2016-12-26,21000,18900,8.92,22.99,6.3,18.732,0.1
359,300579,300579,数字认证,2016-12-12,2016-12-23,2000,2000,13.32,22.99,2.0,2.664,0.02
360,300579,300579,数字认证,2016-12-12,2016-12-23,2000,2000,13.32,22.99,2.0,2.664,0.02
361,300581,300581,晨曦航空,2016-12-09,2016-12-20,1130,1130,24.23,22.99,1.1,2.738,0.01
362,603577,732577,汇金通,2016-12-09,2016-12-22,2918,2626,11.1,22.98,1.1,3.239,0.03
363,603416,732416,信捷电气,2016-12-08,2016-12-21,2510,2259,17.85,22.98,1.0,4.48,0.03
364,300577,300577,开润股份,2016-12-08,2016-12-21,1667,1667,19.58,22.99,1.65,3.264,0.01
365,603823,732823,百合花,2016-12-07,2016-12-20,5625,4050,10.6,22.08,2.2,4.84,0.03
366,300576,300576,容大感光,2016-12-07,2016-12-20,2000,2000,8.24,22.99,2.0,1.648,0.02
367,300575,300575,中旗股份,2016-12-06,2016-12-20,1835,1835,22.29,18.12,1.8,4.09,0.01
368,603878,732878,武进不锈,2016-12-06,2016-12-19,5050,4545,14.87,22.98,2.0,8.912,0.04
369,603389,732389,亚振家居,2016-12-05,2016-12-15,5475,4928,7.79,22.97,2.1,4.265,0.04
370,002831,002831,裕同科技,2016-12-05,2016-12-16,4001,3601,36.77,22.99,1.2,14.712,0.03
371,002829,002829,星网宇达,2016-12-02,2016-12-13,1900,1900,17.65,22.99,1.9,3.353,0.01
372,603585,732585,苏利股份,2016-12-02,2016-12-14,2500,2250,26.79,22.99,1.0,6.697,0.03
373,002830,002830,名雕股份,2016-12-01,2016-12-13,1667,1667,16.53,22.96,1.65,2.756,0.01
374,603098,732098,森特股份,2016-12-01,2016-12-16,6251,5626,9.18,22.98,1.8,5.738,0.05
375,300571,300571,平治信息,2016-11-30,2016-12-13,1000,1000,12.04,22.97,1.0,1.204,0.01
376,603708,732708,家家悦,2016-11-30,2016-12-13,9000,8100,13.64,21.65,3.6,12.278,0.05
377,603928,732928,兴业股份,2016-11-29,2016-12-12,5040,4536,10.12,19.06,2.0,5.101,0.04
378,300573,300573,兴齐眼药,2016-11-29,2016-12-08,2000,2000,5.16,22.97,2.0,1.033,0.02
379,603036,732036,如通股份,2016-11-28,2016-12-09,5084,4576,6.84,22.95,2.0,3.477,0.04
380,002828,002828,贝肯能源,2016-11-28,2016-12-08,2930,2637,12.02,22.97,1.1,3.522,0.03
381,603990,732990,麦迪科技,2016-11-25,2016-12-08,2000,2000,9.69,22.99,2.0,1.938,0.02
382,002827,002827,高争民爆,2016-11-25,2016-12-09,4600,4140,8.23,22.97,1.8,3.786,0.03
383,300570,300570,太辰光,2016-11-24,2016-12-06,3194,2875,20.59,22.99,1.15,6.577,0.03
384,603033,732033,三维股份,2016-11-24,2016-12-07,2270,2043,17.55,18.09,0.8,3.984,0.03
385,300572,300572,安车检测,2016-11-23,2016-12-06,1667,1667,13.79,22.98,1.65,2.299,0.01
386,600909,730909,华安证券,2016-11-23,2016-12-06,80000,72000,6.41,12.44,24.0,51.28,0.27
387,002826,002826,易明医药,2016-11-22,2016-12-09,4743,4269,6.06,22.98,1.85,2.874,0.03
388,300568,300568,星源材质,2016-11-21,2016-12-01,3000,2700,21.65,22.99,1.2,6.495,0.03
389,603319,732319,湘油泵,2016-11-21,2016-11-30,2023,1821,10.46,22.98,0.7,2.116,0.03
390,603559,732559,中通国脉,2016-11-18,2016-12-02,2200,1980,10.34,22.98,0.6,2.275,0.03
391,002825,002825,纳尔股份,2016-11-18,2016-11-29,2500,2250,10.17,18.62,1.0,2.544,0.02
392,002822,002822,中装建设,2016-11-17,2016-11-29,7500,6750,10.23,21.35,3.0,7.676,0.04
393,603660,732660,苏州科达,2016-11-17,2016-12-01,6250,4500,8.03,17.55,2.5,4.075,0.03
394,603323,732323,吴江银行,2016-11-16,2016-11-29,11150,10035,6.83,12.62,3.3,7.615,0.07
395,300569,300569,天能重工,2016-11-16,2016-11-25,2084,1876,41.57,20.08,0.8,8.663,0.03
396,002823,002823,凯中精密,2016-11-15,2016-11-24,3600,3240,13.73,22.97,1.4,4.943,0.03
397,603819,732819,神力股份,2016-11-15,2016-11-25,3000,2700,8.77,22.98,0.9,2.631,0.04
398,603336,732336,宏辉果蔬,2016-11-14,2016-11-24,3335,3002,9.31,20.68,1.2,3.105,0.03
399,603900,732900,通灵珠宝,2016-11-11,2016-11-23,6080,5472,14.25,19.52,2.4,8.664,0.04
400,300567,300567,精测电子,2016-11-11,2016-11-22,2000,2000,19.92,22.99,2.0,3.984,0.02
401,300565,300565,科信技术,2016-11-10,2016-11-22,4000,3600,8.78,22.98,1.5,3.512,0.03
402,603727,732727,博迈科,2016-11-10,2016-11-22,5870,5283,20.81,22.99,2.3,12.215,0.04
403,002821,002821,凯莱英,2016-11-09,2016-11-18,2822,2058,30.53,22.95,1.1,7.066,0.02
404,603987,732987,康德莱,2016-11-09,2016-11-21,5260,4734,9.5,22.99,2.0,4.997,0.04
405,002820,002820,桂发祥,2016-11-08,2016-11-18,3200,2880,16.6,22.99,1.25,5.312,0.03
406,603858,732858,步长制药,2016-11-08,2016-11-18,6980,6282,55.88,22.99,2.0,39.004,0.05
407,603633,732633,徕木股份,2016-11-07,2016-11-17,3009,2708,6.75,22.98,1.2,2.031,0.03
408,300562,300562,乐心医疗,2016-11-07,2016-11-16,1480,1480,15.63,22.99,1.45,2.313,0.01
409,300561,300561,汇金科技,2016-11-04,2016-11-17,1400,1400,26.11,22.99,1.4,3.655,0.01
410,300566,300566,激智科技,2016-11-03,2016-11-15,1990,1990,14.94,22.98,1.95,2.973,0.02
411,601229,780229,上海银行,2016-11-02,2016-11-16,60045,54041,17.77,8.26,18.0,106.7,0.23
412,300563,300563,神宇股份,2016-11-02,2016-11-14,2000,2000,8.84,22.99,2.0,1.768,0.02
413,603977,732977,国泰集团,2016-11-01,2016-11-11,5528,4975,6.45,14.81,2.0,3.566,0.04
414,603556,732556,海兴电力,2016-10-31,2016-11-10,9334,8401,23.63,21.32,3.7,22.065,0.06
415,002819,002819,东方中科,2016-10-28,2016-11-11,2834,2551,4.96,22.95,1.1,1.406,0.03
416,603060,732060,国检集团,2016-10-28,2016-11-09,5500,4950,10.04,22.97,2.2,5.522,0.04
417,603203,732203,快克股份,2016-10-27,2016-11-08,2300,2070,16.5,21.04,0.9,3.795,0.03
418,300558,300558,贝达药业,2016-10-27,2016-11-07,4100,3690,17.57,22.99,1.2,7.204,0.04
419,300556,300556,丝路视觉,2016-10-26,2016-11-04,2780,2502,5.54,22.99,1.1,1.54,0.03
420,002818,002818,富森美,2016-10-25,2016-11-09,4400,3960,23.49,22.99,1.3,10.336,0.04
421,601882,780882,海天精工,2016-10-25,2016-11-07,5220,4698,1.5,22.98,1.5,4.305,0.05
422,300557,300557,理工光科,2016-10-21,2016-11-01,1400,1400,13.91,22.99,1.4,1.947,0.01
423,300560,300560,中富通,2016-10-20,2016-11-01,1753,1753,10.26,22.99,1.75,1.799,0.02
424,300559,300559,佳发安泰,2016-10-19,2016-11-01,1800,1800,17.56,22.99,1.8,3.161,0.02
425,603716,732716,塞力斯,2016-10-19,2016-10-31,1274,1274,26.91,22.98,1.2,3.428,0.02
426,603888,732888,新华网,2016-10-18,2016-10-28,5190,4672,27.69,22.99,2.0,14.372,0.04
427,603258,732258,电魂网络,2016-10-17,2016-10-26,6000,5400,15.62,18.16,2.4,9.372,0.05
428,600926,730926,杭州银行,2016-10-14,2016-10-27,26175,23558,14.39,10.23,7.8,37.666,0.13
429,002817,002817,黄山胶囊,2016-10-13,2016-10-25,2167,1950,13.88,22.98,0.85,3.008,0.02
430,603667,732667,五洲新春,2016-10-12,2016-10-25,5060,4554,8.8,22.96,2.0,4.453,0.04
431,002816,002816,和科达,2016-10-12,2016-10-25,2500,2250,8.29,22.98,1.0,2.072,0.03
432,603859,732859,能科股份,2016-10-11,2016-10-21,2839,2555,7.54,22.97,1.1,2.141,0.03
433,300552,300552,万集科技,2016-10-11,2016-10-21,2670,2403,12.25,20.91,1.05,3.271,0.03
434,300553,300553,集智股份,2016-10-10,2016-10-21,1200,1200,14.08,22.99,1.2,1.69,0.01
435,300550,300550,和仁科技,2016-09-30,2016-10-18,2000,2000,12.53,22.99,2.0,2.506,0.02
436,300555,300555,路通视信,2016-09-29,2016-10-18,2000,2000,15.4,22.99,2.0,3.08,0.02
437,603160,732160,汇顶科技,2016-09-28,2016-10-17,4500,4050,19.42,22.99,1.3,8.739,0.05
438,300551,300551,古鳌科技,2016-09-28,2016-10-18,1836,1836,12.48,22.88,1.8,2.291,0.02
439,603816,732816,顾家家居,2016-09-27,2016-10-14,8250,7425,24.66,22.99,2.4,20.345,0.06
440,603313,732313,梦百合,2016-09-26,2016-10-13,6000,5400,15.41,22.66,2.4,9.246,0.05
441,300548,300548,博创科技,2016-09-26,2016-10-12,2067,1860,11.75,22.97,0.8,2.429,0.03
442,002813,002813,路畅科技,2016-09-23,2016-10-12,3000,2700,6.89,22.97,1.2,2.067,0.03
443,603777,732777,来伊份,2016-09-23,2016-10-12,6000,5400,11.67,22.98,2.4,7.002,0.05
444,002815,002815,崇达技术,2016-09-22,2016-10-12,5000,4500,16.31,22.98,1.5,8.155,0.04
445,603421,732421,鼎信通讯,2016-09-22,2016-10-11,4340,3906,14.02,22.99,1.3,6.085,0.05
446,300547,300547,川环科技,2016-09-21,2016-09-30,1495,1495,22.07,22.99,1.45,3.299,0.02
447,603887,732887,城地股份,2016-09-21,2016-10-10,2460,2214,12.13,22.97,0.9,3.647,0.03
448,300549,300549,优德精密,2016-09-20,2016-09-30,1667,1667,15.03,22.99,1.65,2.506,0.02
449,601128,780128,常熟银行,2016-09-20,2016-09-30,22227,20005,4.28,9.89,6.6,9.513,0.12
450,300546,300546,雄帝科技,2016-09-19,2016-09-28,1334,1334,20.43,22.99,1.3,2.725,0.01
451,300545,300545,联得装备,2016-09-14,2016-09-28,1783,1783,13.5,22.98,1.75,2.407,0.02
452,603738,732738,泰晶科技,2016-09-14,2016-09-28,1668,1668,16.14,22.99,1.6,2.692,0.02
453,600908,730908,无锡银行,2016-09-08,2016-09-23,18481,16633,4.47,9.91,5.5,8.261,0.1
454,300536,300536,农尚环境,2016-09-06,2016-09-20,2328,2095,9.06,18.12,0.9,2.11,0.03
455,601500,780500,通用股份,2016-09-05,2016-09-19,17492,15743,4.92,22.98,5.2,8.606,0.1
456,300542,300542,新晨科技,2016-09-05,2016-09-20,2255,2030,8.21,22.98,0.85,1.851,0.03
457,603189,732189,网达软件,2016-09-02,2016-09-14,5520,4968,7.26,22.97,2.2,4.008,0.05
458,300541,300541,先进数通,2016-09-02,2016-09-13,3000,2700,11.07,22.98,1.2,3.321,0.03
459,603067,732067,振华股份,2016-09-01,2016-09-13,5500,4950,6.13,22.98,2.2,3.372,0.04
460,300534,300534,陇神戎发,2016-09-01,2016-09-13,2167,1950,13.64,22.99,0.85,2.956,0.03
461,002812,002812,创新股份,2016-08-31,2016-09-14,3348,3013,23.41,22.99,1.3,7.838,0.03
462,603393,732393,新天然气,2016-08-31,2016-09-12,4000,3600,26.66,22.99,1.6,10.22,0.04
463,002811,002811,亚泰国际,2016-08-30,2016-09-08,4500,4050,13.99,22.98,1.8,6.295,0.03
464,601163,780163,三角轮胎,2016-08-30,2016-09-09,20000,18000,22.07,22.98,6.0,44.14,0.11
465,300543,300543,朗科智能,2016-08-25,2016-09-08,1500,1500,22.52,22.46,1.5,3.378,0.02
466,603843,732843,正平股份,2016-08-24,2016-09-05,9970,8973,5.03,22.97,2.9,5.015,0.07
467,002807,002807,江阴银行,2016-08-24,2016-09-02,20945,18850,4.64,10.17,5.9,9.718,0.1
468,603658,732658,安图生物,2016-08-19,2016-09-01,4200,3780,14.58,22.99,1.2,6.124,0.05
469,300539,300539,横河模具,2016-08-19,2016-08-30,2375,2138,6.12,22.96,0.9,1.454,0.03
470,300537,300537,广信材料,2016-08-17,2016-08-30,2500,2250,9.19,22.98,1.0,3.038,0.03
471,002810,002810,山东赫达,2016-08-16,2016-08-26,2398,2158,9.91,22.98,0.85,2.376,0.03
472,603090,732090,宏盛股份,2016-08-16,2016-08-31,2500,2250,8.47,22.98,1.0,2.118,0.03
473,603007,732007,花王股份,2016-08-12,2016-08-26,3335,3002,11.66,22.97,1.3,3.889,0.04
474,300538,300538,同益股份,2016-08-12,2016-08-26,1400,1400,15.85,22.98,1.4,2.219,0.02
475,002809,002809,红墙股份,2016-08-11,2016-08-23,2000,2000,22.46,22.69,2.0,4.492,0.02
476,300540,300540,深冷股份,2016-08-10,2016-08-23,2000,2000,16.67,22.98,2.0,3.334,0.02
477,603031,732031,安德利,2016-08-10,2016-08-22,2000,2000,11.71,22.99,2.0,2.342,0.02
478,603515,732515,欧普照明,2016-08-09,2016-08-19,5800,5220,14.94,22.99,1.7,8.665,0.06
479,300533,300533,冰川网络,2016-08-09,2016-08-18,2500,2250,37.02,21.97,1.0,9.255,0.03
480,603986,732986,兆易创新,2016-08-08,2016-08-18,2500,2250,23.26,16.41,1.0,5.815,0.03
481,601595,780595,上海电影,2016-08-05,2016-08-17,9350,8415,10.19,22.25,3.7,9.537,0.06
482,300532,300532,今天国际,2016-08-05,2016-08-18,2100,1890,16.32,22.99,0.8,3.427,0.03
483,601997,780997,贵阳银行,2016-08-04,2016-08-16,50000,45000,8.49,6.08,15.0,42.45,0.22
484,600936,730936,广西广电,2016-08-03,2016-08-15,30000,27000,4.8,22.86,9.0,14.4,0.15
485,002808,002808,苏州恒久,2016-08-03,2016-08-12,3000,2700,7.71,22.99,1.2,2.314,0.03
486,603159,732159,上海亚虹,2016-08-02,2016-08-12,2500,2250,6.88,18.3,1.0,1.72,0.03
487,300535,300535,达威股份,2016-08-01,2016-08-12,1494,1494,18.5,22.98,1.45,2.764,0.02
488,603569,732569,长久物流,2016-07-29,2016-08-10,4001,3601,15.43,22.98,1.2,6.174,0.05
489,300530,300530,达志科技,2016-07-29,2016-08-09,1750,1750,11.95,22.98,1.75,2.091,0.02
490,600977,730977,中国电影,2016-07-28,2016-08-09,46700,42030,8.92,22.98,14.0,41.656,0.22
491,601811,780811,新华文轩,2016-07-27,2016-08-08,9871,8884,7.12,14.67,2.9,7.028,0.08
492,300531,300531,优博讯,2016-07-27,2016-08-09,2000,2000,13.36,22.98,2.0,2.672,0.02
493,300528,300528,幸福蓝海,2016-07-26,2016-08-08,7763,6987,6.62,22.98,3.1,5.14,0.05
494,300527,300527,华舟应急,2016-07-25,2016-08-05,11570,10413,6.64,22.99,3.45,7.682,0.08
495,300529,300529,健帆生物,2016-07-22,2016-08-02,4200,3780,10.8,22.98,1.2,4.536,0.05
496,300526,300526,中潜股份,2016-07-21,2016-08-02,2125,1913,10.5,22.99,0.7,2.231,0.04
497,600919,730919,江苏银行,2016-07-20,2016-08-02,115445,103900,6.27,7.64,34.6,72.384,0.47
498,603663,732663,三祥新材,2016-07-19,2016-08-01,3355,3020,5.28,22.98,1.3,1.771,0.04
499,603322,732322,超讯通信,2016-07-18,2016-07-28,2000,2000,11.99,22.98,2.0,2.398,0.02
500,300525,300525,博思软件,2016-07-15,2016-07-26,1710,1710,11.68,22.99,1.7,1.997,0.02
501,002806,002806,华锋股份,2016-07-14,2016-07-26,2000,2000,6.2,22.96,2.0,1.24,0.02
502,300523,300523,辰安科技,2016-07-13,2016-07-26,2000,2000,21.92,22.99,2.0,4.384,0.02
503,300517,300517,海波重科,2016-07-07,2016-07-19,2560,2304,10.04,22.97,1.0,2.57,0.04
504,002803,002803,吉宏股份,2016-06-30,2016-07-12,2900,2610,6.37,22.84,1.15,3.004,0.03
505,603069,732069,海汽集团,2016-06-29,2016-07-12,7900,7110,3.82,18.2,2.3,3.018,0.08
506,300520,300520,科大国创,2016-06-28,2016-07-08,2300,2070,10.05,22.84,0.9,2.312,0.04
507,002805,002805,丰元股份,2016-06-27,2016-07-07,2423,2181,5.8,22.97,0.95,1.405,0.03
508,300521,300521,爱司凯,2016-06-24,2016-07-05,2000,2000,11.26,22.98,2.0,2.252,0.02
509,300522,300522,世名科技,2016-06-23,2016-07-05,1667,1667,18.55,22.98,1.65,3.092,0.02
510,601966,780966,玲珑轮胎,2016-06-22,2016-07-06,20000,18000,12.98,22.97,6.0,25.96,0.14
511,603016,732016,新宏泰,2016-06-21,2016-07-01,3705,3335,8.49,19.3,1.4,3.148,0.05
512,002802,002802,洪汇新材,2016-06-20,2016-06-29,2700,2430,9.52,22.98,1.05,2.57,0.03
513,603958,732958,哈森股份,2016-06-17,2016-06-29,5436,4892,9.15,22.98,2.1,4.974,0.06
514,603909,732909,合诚股份,2016-06-16,2016-06-28,2500,2250,10.55,21.0,1.0,2.638,0.04
515,300518,300518,盛讯达,2016-06-15,2016-06-24,2334,2101,22.22,22.68,0.9,5.188,0.04
516,002801,002801,微光股份,2016-06-13,2016-06-22,1472,1472,19.51,15.24,1.45,2.872,0.02
517,300519,300519,新光药业,2016-06-08,2016-06-24,2000,2000,12.2,8.26,2.0,2.44,0.02
518,601127,780127,小康股份,2016-05-31,2016-06-15,14250,12825,5.81,18.19,4.2,8.55,0.11
519,300515,300515,三德科技,2016-05-30,2016-06-08,2500,2250,8.57,22.98,1.0,2.143,0.04
520,002799,002799,环球印务,2016-05-27,2016-06-08,2500,2250,7.98,22.99,1.0,1.995,0.03
521,603131,732131,上海沪工,2016-05-26,2016-06-07,2500,2250,10.09,22.98,1.0,2.522,0.04
522,601611,780611,中国核建,2016-05-25,2016-06-06,52500,47250,3.47,15.6,15.7,20.212,0.28
523,300516,300516,久之洋,2016-05-24,2016-06-02,3000,2700,22.5,22.98,1.2,6.75,0.04
524,603737,732737,三棵树,2016-05-23,2016-06-03,2500,2250,15.94,18.09,1.0,3.987,0.04
525,002800,002800,天顺股份,2016-05-19,2016-05-30,1868,1868,7.7,19.77,1.85,1.438,0.02
526,300513,300513,恒泰实达,2016-05-18,2016-05-30,1906,1906,11.73,22.98,1.9,2.236,0.02
527,300512,300512,中亚股份,2016-05-17,2016-05-26,3375,3038,20.91,22.96,1.3,7.057,0.05
528,002798,002798,帝王洁具,2016-05-16,2016-05-25,2160,1944,10.57,22.98,0.85,2.283,0.03
529,603339,732339,四方冷链,2016-05-06,2016-05-19,5170,4653,10.19,18.99,1.9,5.268,0.06
530,603959,732959,百利科技,2016-05-05,2016-05-17,5600,5040,6.03,22.96,2.2,3.377,0.06
531,603779,732779,威龙股份,2016-05-04,2016-05-16,5020,4518,4.61,22.45,2.0,5.54,0.05
532,002797,002797,第一创业,2016-04-29,2016-05-11,21900,19710,10.64,22.99,6.55,0.0,0.12
533,002796,002796,世嘉科技,2016-04-27,2016-05-10,2000,2000,12.95,22.33,2.0,2.59,0.02
534,300510,300510,金冠电气,2016-04-26,2016-05-06,2180,1962,12.3,22.99,0.85,2.681,0.04
535,603101,732101,汇嘉时代,2016-04-25,2016-05-06,6000,5400,8.81,22.98,2.4,5.286,0.06
536,300511,300511,雪榕生物,2016-04-22,2016-05-04,3750,3375,16.82,22.98,1.5,6.308,0.05
537,603528,732528,多伦科技,2016-04-21,2016-05-03,5168,4651,9.45,6.41,1.9,4.884,0.06
538,300507,300507,苏奥传感,2016-04-20,2016-04-29,1667,1667,24.92,22.99,1.65,4.154,0.02
539,002795,002795,永和智控,2016-04-19,2016-04-28,2500,2250,14.85,22.99,1.0,3.712,0.03
540,603822,732822,嘉澳环保,2016-04-18,2016-04-28,1835,1835,11.76,22.97,1.8,2.158,0.02
541,603029,732029,天鹅股份,2016-04-15,2016-04-27,2334,2101,8.93,22.98,0.8,2.084,0.04
542,300509,300509,新美星,2016-04-14,2016-04-25,2000,2000,13.22,22.98,2.0,2.644,0.02
543,603726,732726,朗迪集团,2016-04-11,2016-04-21,2368,2131,11.73,19.23,0.9,2.778,0.04
544,300508,300508,维宏股份,2016-04-08,2016-04-19,1421,1064,20.08,22.98,0.55,2.412,0.03
545,002793,002793,东音股份,2016-04-06,2016-04-15,2500,2250,11.97,14.64,1.0,2.994,0.04
546,603868,732868,飞科电器,2016-04-05,2016-04-18,4360,3924,18.03,16.52,1.3,7.864,0.06
547,603701,732701,德宏股份,2016-03-30,2016-04-12,1960,1960,13.5,21.6,1.9,2.646,0.03
548,603798,732798,康普顿,2016-03-23,2016-04-06,2500,2250,14.33,17.47,1.0,3.583,0.04
549,300474,300474,景嘉微,2016-03-22,2016-03-31,3350,3015,13.64,21.25,1.3,4.573,0.05
550,603028,732028,赛福天,2016-03-21,2016-03-31,5520,4968,4.26,22.94,2.2,2.352,0.06
551,002791,002791,坚朗五金,2016-03-18,2016-03-29,5359,3992,21.57,21.68,2.1,9.672,0.04
552,002792,002792,通宇通讯,2016-03-17,2016-03-28,3750,2700,22.94,9.74,1.5,6.996,0.04
553,300506,300506,名家汇,2016-03-15,2016-03-24,3000,2700,8.58,22.96,1.2,2.574,0.05
554,300484,300484,蓝海华腾,2016-03-11,2016-03-22,1300,1300,18.75,19.83,1.3,2.438,0.02
555,603861,732861,白云电器,2016-03-09,2016-03-22,4910,4419,8.5,22.97,1.4,4.176,0.07
556,300505,300505,川金诺,2016-03-04,2016-03-15,2335,2102,10.25,22.98,0.9,2.393,0.05
557,601020,780020,华钰矿业,2016-03-03,2016-03-16,5200,4680,7.18,22.97,1.5,3.734,0.07
558,002789,002789,建艺集团,2016-03-02,2016-03-11,2030,1827,22.53,21.33,0.8,4.574,0.04
559,603919,732919,金徽酒,2016-03-01,2016-03-10,7000,6300,10.94,18.47,2.8,7.659,0.07
560,300503,300503,昊志机电,2016-02-29,2016-03-09,2500,2250,7.72,22.98,1.0,1.93,0.05
561,603520,732520,司太立,2016-02-26,2016-03-09,3000,2700,12.15,22.98,1.2,3.645,0.05
562,002790,002790,瑞尔特,2016-02-25,2016-03-08,4000,3600,16.58,19.78,1.6,6.635,0.05
563,603027,732027,千禾味业,2016-02-24,2016-03-07,4000,3600,9.19,22.98,1.6,3.676,0.05
564,300502,300502,新易盛,2016-02-23,2016-03-03,1940,1940,21.47,18.58,1.9,4.165,0.03
565,603608,732608,天创时尚,2016-02-01,2016-02-18,7000,6300,9.8,22.98,2.8,6.86,0.08
566,002788,002788,鹭燕医药,2016-01-29,2016-02-18,3205,2885,18.65,22.97,1.25,5.977,0.04
567,601900,780900,南方传媒,2016-01-28,2016-02-15,16910,15219,6.13,22.97,5.0,10.374,0.13
568,603377,732377,东方时尚,2016-01-27,2016-02-05,5000,4500,16.4,21.74,1.5,8.665,0.07
569,300501,300501,海顺新材,2016-01-26,2016-02-04,1338,1338,22.02,22.99,1.3,2.946,0.02
570,300500,300500,启迪设计,2016-01-25,2016-02-04,1500,1500,20.91,22.98,1.5,3.136,0.02
571,300499,300499,高澜股份,2016-01-22,2016-02-02,1667,1667,15.52,22.97,1.65,2.587,0.02
572,002778,002778,高科石化,2015-12-24,2016-01-06,2230,2007,8.5,22.97,0.85,1.661,0.19
573,300491,300491,通合科技,2015-12-23,2015-12-31,2000,1800,10.48,22.98,0.8,2.096,0.18
574,300490,300490,华自科技,2015-12-23,2015-12-31,2500,2250,9.09,22.98,1.0,2.272,0.17
575,603778,732778,乾景园林,2015-12-23,2015-12-31,2000,1800,18.98,19.57,0.8,4.014,0.17
576,603299,732299,井神股份,2015-12-23,2015-12-31,9000,8100,3.69,22.92,2.7,3.329,0.25
577,002787,002787,华源控股,2015-12-23,2015-12-31,3520,3168,11.37,22.86,1.4,4.002,0.21
578,002777,002777,久远银海,2015-12-23,2015-12-31,2000,1800,11.46,17.72,0.8,1.891,0.14
579,300494,300494,盛天网络,2015-12-23,2015-12-31,3000,2700,18.1,20.85,1.2,5.431,0.19
580,002786,002786,银宝山新,2015-12-14,2015-12-23,3178,2860,10.72,22.81,1.25,3.407,0.24
581,002782,002782,可立克,2015-12-14,2015-12-22,4260,3834,7.58,22.97,1.7,3.229,0.22
582,603866,732866,桃李面包,2015-12-14,2015-12-22,4501,4051,13.76,22.98,1.3,6.196,0.41
583,002785,002785,万里石,2015-12-14,2015-12-23,5000,4500,2.29,22.9,2.0,1.145,0.18
584,002781,002781,奇信股份,2015-12-14,2015-12-22,5625,4050,13.31,20.35,2.25,6.117,0.27
585,300495,300495,美尚生态,2015-12-14,2015-12-22,1670,1503,31.82,20.27,0.65,5.421,0.29
586,300492,300492,山鼎设计,2015-12-14,2015-12-23,2080,1872,6.9,22.96,0.8,2.05,0.19
587,603508,732508,思维列控,2015-12-14,2015-12-24,4000,3600,33.56,22.99,1.2,13.424,0.4
588,603996,732996,中新科技,2015-12-14,2015-12-22,5010,4509,10.52,22.96,2.0,5.271,0.24
589,300497,300497,富祥股份,2015-12-11,2015-12-22,1800,1620,15.33,21.79,0.7,2.76,0.16
590,300496,300496,中科创达,2015-12-02,2015-12-10,2500,2250,23.27,22.99,1.0,5.817,0.24
591,002779,002779,中坚科技,2015-12-01,2015-12-09,2200,1980,12.11,18.97,0.85,2.664,0.16
592,300493,300493,润欣科技,2015-12-01,2015-12-10,3000,2700,6.87,22.97,1.2,2.061,0.15
593,603936,732936,博敏电子,2015-12-01,2015-12-09,4185,3767,8.06,22.98,1.6,3.373,0.23
594,603696,732696,安记食品,2015-12-01,2015-12-09,3000,2700,10.1,22.95,1.2,3.03,0.28
595,603999,732999,读者传媒,2015-12-01,2015-12-10,6000,5400,9.77,19.85,2.4,5.863,0.25
596,603398,732398,邦宝益智,2015-12-01,2015-12-09,2400,2160,13.97,22.99,0.9,3.353,0.23
597,603800,732800,道森股份,2015-12-01,2015-12-10,5200,4680,10.95,21.15,2.0,5.694,0.32
598,002780,002780,三夫户外,2015-12-01,2015-12-09,1700,1530,9.42,22.95,0.65,1.601,0.15
599,002783,002783,凯龙股份,2015-11-30,2015-12-09,2087,1878,28.68,22.98,0.8,5.986,0.22
