,opDate,stockCode,securityAbbr,rzye,rzmre,rzche,rqyl,rqmcl,rqchl
0,2017-08-28,601398,工商银行,3050355241,144749937,88489410,4535501,268900,707600
1,2017-08-25,601398,工商银行,2994094714,132610173,66378457,4974201,479400,340500
2,2017-08-24,601398,工商银行,2927862998,55235531,69029331,4835301,291600,37500
3,2017-08-23,601398,工商银行,2941656798,117856162,87136674,4581201,480600,159800
4,2017-08-22,601398,工商银行,2910937310,60817835,22014361,4260401,308000,56700
5,2017-08-21,601398,工商银行,2872133836,15410612,21753769,4009101,145000,106500
6,2017-08-18,601398,工商银行,2878476993,31780943,42054882,3970601,281800,302900
7,2017-08-17,601398,工商银行,2888750932,38582499,30161289,3991701,133700,338700
8,2017-08-16,601398,工商银行,2880329722,41286525,43191368,4196701,198500,366900
9,2017-08-15,601398,工商银行,2882234565,83964255,46655158,4365101,451200,99100
10,2017-08-14,601398,工商银行,2844925468,44370183,32085267,4013001,1471600,800800
11,2017-08-11,601398,工商银行,2832640552,51871681,73890904,3342201,659500,1470700
12,2017-08-10,601398,工商银行,2854659775,52321705,37825034,4153401,892300,503750
13,2017-08-09,601398,工商银行,2840163104,36818507,30064490,3764851,112450,493200
14,2017-08-08,601398,工商银行,2833409087,26249208,22746780,4145601,875900,793568
15,2017-08-07,601398,工商银行,2829906659,21519492,60395786,4063269,772200,476600
16,2017-08-04,601398,工商银行,2868782953,47193683,62019594,3767669,214400,366832
17,2017-08-03,601398,工商银行,2883608864,62311598,45752591,3920101,177200,861422
18,2017-08-02,601398,工商银行,2867049857,66261126,80366805,4604323,1489022,199700
19,2017-08-01,601398,工商银行,2881155536,57500007,43237830,3315001,131300,322900
20,2017-07-31,601398,工商银行,2866893359,27268669,60685633,3506601,223800,46100
21,2017-07-28,601398,工商银行,2900310323,39022090,37212873,3328901,142000,709700
22,2017-07-27,601398,工商银行,2898501106,69536445,38513732,3896601,372400,735600
23,2017-07-26,601398,工商银行,2867478393,71312659,66792349,4259801,595300,806300
24,2017-07-25,601398,工商银行,2862958083,51993569,75214119,4470801,1175900,140100
25,2017-07-24,601398,工商银行,2886178633,59834431,86767660,3435001,887800,244900
26,2017-07-21,601398,工商银行,2913111862,116706473,112569792,2792101,546900,147800
27,2017-07-20,601398,工商银行,2908975181,44948735,74333077,2393001,143100,735000
28,2017-07-19,601398,工商银行,2938359523,104537853,40849925,2984901,643000,396600
29,2017-07-18,601398,工商银行,2874671595,40491878,84918004,2738501,241100,1390200
30,2017-07-17,601398,工商银行,2919097721,109917248,87967588,3887601,1773000,8000
31,2017-07-14,601398,工商银行,2897148061,13575563,35247457,2122601,115800,270000
32,2017-07-13,601398,工商银行,2918819955,29714155,58821172,2276801,569000,147600
33,2017-07-12,601398,工商银行,2947926972,53060982,75746036,1855401,225800,432100
34,2017-07-11,601398,工商银行,2970602056,62776532,86265820,2061701,633200,365800
35,2017-07-10,601398,工商银行,2994091344,37978741,61790985,1794301,213500,142600
36,2017-07-07,601398,工商银行,3017903588,47460645,40509124,1723401,187000,181800
37,2017-07-06,601398,工商银行,3010952067,30582968,30993731,1718201,30000,120400
38,2017-07-05,601398,工商银行,3011362830,59284898,50268048,1808601,127100,532400
39,2017-07-04,601398,工商银行,3002345980,30779403,54691095,2213901,561500,150600
40,2017-07-03,601398,工商银行,3026257672,49376710,46939723,1803001,190500,1189600
41,2017-06-30,601398,工商银行,3023820685,33090436,160148911,2802101,1362400,184500
42,2017-06-29,601398,工商银行,3150879160,67123377,85460574,1624201,349200,221200
43,2017-06-28,601398,工商银行,3169216357,73300613,58403414,1496201,159000,12314600
44,2017-06-27,601398,工商银行,3154319158,132732160,64565667,13651801,87200,526800
45,2017-06-26,601398,工商银行,3085898665,155618869,52236014,14091401,185400,1628500
46,2017-06-23,601398,工商银行,3008453240,31740147,49935632,15534501,1620300,12430700
47,2017-06-22,601398,工商银行,3026648725,92260076,114699160,26344901,397000,7484220
48,2017-06-21,601398,工商银行,3049087809,26415202,73282624,33432121,178000,69700
49,2017-06-20,601398,工商银行,3095955231,53374304,93604388,33323821,278300,442800
50,2017-06-19,601398,工商银行,3136010315,113148057,36307856,33488321,417300,288400
51,2017-06-16,601398,工商银行,3059170114,111299909,33459320,33359421,74000,302600
52,2017-06-15,601398,工商银行,2981329525,108858239,62958422,33588021,234200,154700
53,2017-06-14,601398,工商银行,2935429708,14455712,37757287,33508521,131600,279300
54,2017-06-13,601398,工商银行,2958731283,29139577,47950266,33656221,281500,1159100
55,2017-06-12,601398,工商银行,2977541972,70673663,47867560,34533821,16100,209500
56,2017-06-09,601398,工商银行,2954735869,83641270,93442623,34727221,417600,1161800
57,2017-06-08,601398,工商银行,2964537222,77812943,70032982,35471421,12648000,367900
58,2017-06-07,601398,工商银行,2956757261,91081177,57530520,23191321,307500,12679400
59,2017-06-06,601398,工商银行,2923206604,61975178,35197154,35563221,43900,1304600
60,2017-06-05,601398,工商银行,2896428580,99961948,48942905,36823921,1356500,1121600
61,2017-06-02,601398,工商银行,2845409537,33016322,23615562,36589021,200300,1807200
62,2017-06-01,601398,工商银行,2836008777,17746390,16365889,38195921,1838800,1339600
63,2017-05-31,601398,工商银行,2834628276,21957403,25468532,37696721,340300,7648000
64,2017-05-26,601398,工商银行,2838401405,15528593,30635759,45004421,488000,1195600
65,2017-05-25,601398,工商银行,2853508571,91658578,53528777,45712021,902400,12419500
66,2017-05-24,601398,工商银行,2815378770,17041147,24650925,57229121,9687600,1671800
67,2017-05-23,601398,工商银行,2822988548,59944655,65392304,49213321,1281600,7145700
68,2017-05-22,601398,工商银行,2828397578,38346478,42069878,55077421,7256500,625100
69,2017-05-19,601398,工商银行,2832120978,13469922,40775748,48446021,703300,97700
70,2017-05-18,601398,工商银行,2859422759,40464593,40212130,47840421,149500,643900
71,2017-05-17,601398,工商银行,2859170296,69337900,35047321,48334821,802600,264500
72,2017-05-16,601398,工商银行,2824879717,92469430,62523531,47796721,117700,845840
73,2017-05-15,601398,工商银行,2794933564,50878270,40195022,48524861,593940,95000
74,2017-05-12,601398,工商银行,2784250316,54357867,47244807,48025921,8372300,1860844
75,2017-05-11,601398,工商银行,2777137256,26955681,28833642,41514465,1627500,2465600
76,2017-05-10,601398,工商银行,2779015217,34124772,30956341,42352565,2429344,2069115
77,2017-05-09,601398,工商银行,2775846786,34020766,14267463,41992336,2247700,2559300
78,2017-05-08,601398,工商银行,2756093483,23598337,66438112,42303936,2561700,2095100
79,2017-05-05,601398,工商银行,2798933258,25391710,27966448,41837336,15648900,4508217
80,2017-05-04,601398,工商银行,2801507996,68553564,37599181,30696653,9042917,3031000
81,2017-05-03,601398,工商银行,2770553613,12876349,9719849,24684736,11626100,755000
82,2017-05-02,601398,工商银行,2767397113,12828320,50306637,13813636,773800,412300
83,2017-04-28,601398,工商银行,2804875430,10956600,44427307,13452136,318000,3937400
84,2017-04-27,601398,工商银行,2838346137,43248979,20469719,17071536,3949100,1236600
85,2017-04-26,601398,工商银行,2815566877,68130502,38395870,14359036,1136800,11977700
86,2017-04-25,601398,工商银行,2785832245,13017773,25176374,25199936,11971100,227900
87,2017-04-24,601398,工商银行,2797990846,25289994,23944571,13456736,190300,1160100
88,2017-04-21,601398,工商银行,2796645622,9848313,28500254,14426536,1397000,345800
89,2017-04-20,601398,工商银行,2815297563,45208079,13107308,13375336,1194500,5227800
90,2017-04-19,601398,工商银行,2783196792,40132590,44060338,17408636,5165400,5210700
91,2017-04-18,601398,工商银行,2787124540,42117236,15859240,17453936,5263800,4631000
92,2017-04-17,601398,工商银行,2760866544,19906767,44291386,16821136,4705900,1826500
93,2017-04-14,601398,工商银行,2785251163,68182181,27749889,13941736,1806900,22720700
94,2017-04-13,601398,工商银行,2744818871,49570424,20104658,34855536,13591700,7238200
95,2017-04-12,601398,工商银行,2715522432,82772128,99500557,28502036,7238200,3154100
96,2017-04-11,601398,工商银行,2732250861,36540262,69532764,24417936,3162500,4728700
97,2017-04-10,601398,工商银行,2765243363,48308103,16818269,25984136,5335100,7142100
98,2017-04-07,601398,工商银行,2733801987,44476946,49737366,27791136,7135000,1210200
99,2017-04-06,601398,工商银行,2739062407,41567468,24850829,21866336,47615,146100
100,2017-04-05,601398,工商银行,2722345768,68238142,84847220,21964821,167800,290700
101,2017-03-31,601398,工商银行,2738954846,26965104,39030346,22087721,360000,403900
102,2017-03-30,601398,工商银行,2751020088,54817698,29013637,22131621,407400,7128600
103,2017-03-29,601398,工商银行,2725216027,10756770,29951241,28852821,7087700,1402900
104,2017-03-28,601398,工商银行,2744405748,31389835,17132622,23168021,1633000,6046219
105,2017-03-27,601398,工商银行,2730369359,59249751,45239411,27581240,6173119,5564500
106,2017-03-24,601398,工商银行,2716359019,48091652,86917590,26972621,5490000,6511700
107,2017-03-23,601398,工商银行,2755036601,53526749,29092229,27994321,6387400,6372900
108,2017-03-22,601398,工商银行,2730602081,59098633,24155630,27979821,6403700,117600
109,2017-03-21,601398,工商银行,2695659078,12645455,55353603,21693721,71300,15800
110,2017-03-20,601398,工商银行,2738367226,17754152,28461091,21638221,46600,42400
111,2017-03-17,601398,工商银行,2749074165,22153516,38406182,21634021,130200,175500
112,2017-03-16,601398,工商银行,2765326831,49964281,17075490,21679321,7000,208800
113,2017-03-15,601398,工商银行,2732438040,21500453,11565075,21881121,79000,153000
114,2017-03-14,601398,工商银行,2722502662,12230872,37176482,21955121,188600,3833700
115,2017-03-13,601398,工商银行,2747448272,20348548,33405707,25600221,393100,1049100
116,2017-03-10,601398,工商银行,2760505431,23564995,25253990,26256221,47300,1636000
117,2017-03-09,601398,工商银行,2762194426,60093823,36797398,27844921,1409800,7113000
118,2017-03-08,601398,工商银行,2738898001,8992075,29746300,33548121,7142000,250100
119,2017-03-07,601398,工商银行,2759652226,40902907,34762181,26656221,1310100,7106800
120,2017-03-06,601398,工商银行,2753511500,21898895,62213856,32452921,7606800,171700
121,2017-03-03,601398,工商银行,2793826461,15966174,42161416,25017821,102100,88800
122,2017-03-02,601398,工商银行,2820021703,42666471,20918574,25004521,134800,7055293
123,2017-03-01,601398,工商银行,2798273806,35719113,48808041,31925014,7135393,1756672
124,2017-02-28,601398,工商银行,2811362734,20824075,34122976,26546293,1719472,297300
125,2017-02-27,601398,工商银行,2824661635,22152410,25105038,25124121,174400,1725000
126,2017-02-24,601398,工商银行,2827614263,30070468,37485303,26674721,1775600,3791500
127,2017-02-23,601398,工商银行,2835029098,47053245,29416652,28690621,3844100,4970400
128,2017-02-22,601398,工商银行,2817392505,71020007,25914443,29816921,4972000,14079057
129,2017-02-21,601398,工商银行,2772286941,84301443,88759310,38923978,14123157,5273200
130,2017-02-20,601398,工商银行,2776744808,167119039,42027714,30074021,5224300,17806084
131,2017-02-17,601398,工商银行,2651653483,90815687,56105767,42655805,18988704,10438486
132,2017-02-16,601398,工商银行,2616943563,113049974,40832112,34105587,10389986,21315047
133,2017-02-15,601398,工商银行,2544725701,72011418,59064381,45030648,21710547,257500
134,2017-02-14,601398,工商银行,2531778664,49947848,52111902,23577601,8431200,18045000
135,2017-02-13,601398,工商银行,2533942718,69474454,53958509,33191401,18058900,753300
136,2017-02-10,601398,工商银行,2518426773,25291462,46732512,15885801,979200,2748400
137,2017-02-09,601398,工商银行,2539867823,21912993,22573562,17655001,2737500,125500
138,2017-02-08,601398,工商银行,2540528392,18336877,32265316,15043001,234400,1327200
139,2017-02-07,601398,工商银行,2554456831,23939394,21905746,16135801,1252300,55000
140,2017-02-06,601398,工商银行,2552423183,28484691,22676458,14938501,83900,158045
141,2017-02-03,601398,工商银行,2546614950,30100363,25910851,15012646,301845,131400
142,2017-01-26,601398,工商银行,2542425438,21228471,38416629,14842201,100,1872500
143,2017-01-25,601398,工商银行,2559613596,45662239,35918282,16714601,1865000,268800
144,2017-01-24,601398,工商银行,2549869639,39244961,71315459,15118401,158300,550300
145,2017-01-23,601398,工商银行,2581940137,36741298,31234402,15510401,400000,914400
146,2017-01-20,601398,工商银行,2576433241,40104208,40118300,16024801,891500,1763500
147,2017-01-19,601398,工商银行,2576411481,98673537,28773955,16896801,1788500,13054842
148,2017-01-18,601398,工商银行,2506511899,38323327,41898820,28163143,13200442,0
149,2017-01-17,601398,工商银行,2510087392,43431432,57866747,14962701,15100,1468200
150,2017-01-16,601398,工商银行,2524702242,35553333,158885362,16415801,1563200,71600
151,2017-01-13,601398,工商银行,2648034271,28872360,93507977,14924201,0,177400
152,2017-01-12,601398,工商银行,2712669888,37155128,51151091,15101601,365700,291700
153,2017-01-11,601398,工商银行,2726665851,21179325,17508308,15027601,281700,286700
154,2017-01-10,601398,工商银行,2722994834,13428758,23872738,15032601,345900,262100
155,2017-01-09,601398,工商银行,2733438814,26711858,129446482,14948801,359200,58299
156,2017-01-06,601398,工商银行,2836173438,42581997,44106216,14647900,78100,134800
157,2017-01-05,601398,工商银行,2837697657,29687118,33911764,14704600,68100,132000
158,2017-01-04,601398,工商银行,2841922303,57354117,38418946,14768500,9332700,282200
159,2017-01-03,601398,工商银行,2822987132,73881166,117074607,5718000,285000,13851000
160,2016-12-30,601398,工商银行,2866180573,105765696,49901102,19284000,13867700,126100
161,2016-12-29,601398,工商银行,2810315979,40567352,37839745,5542400,115600,396000
162,2016-12-28,601398,工商银行,2807588372,61113487,20769194,5822800,325600,235300
163,2016-12-27,601398,工商银行,2767244079,24772813,24915777,5732500,236000,145800
164,2016-12-26,601398,工商银行,2767387043,44428574,37714771,5642300,110000,50000
165,2016-12-23,601398,工商银行,2760673240,30063720,138589957,5582300,39900,195400
166,2016-12-22,601398,工商银行,2869199477,15131524,32404918,5737800,200300,165400
167,2016-12-21,601398,工商银行,2886472871,27095747,75612089,5702900,155300,527200
168,2016-12-20,601398,工商银行,2934989213,30776940,46443240,6074800,140300,517900
169,2016-12-19,601398,工商银行,2950655513,31757471,41829938,6452400,503400,60000
170,2016-12-16,601398,工商银行,2961168724,54752519,87738538,6010000,420300,211800
171,2016-12-15,601398,工商银行,2994154743,74015316,63363853,5801500,167700,1955800
172,2016-12-14,601398,工商银行,2983503280,17969215,42039771,7589600,898600,29000
173,2016-12-13,601398,工商银行,3007573836,44932739,49335571,6720000,34000,1424900
174,2016-12-12,601398,工商银行,3011976668,125980493,142413269,8110900,1350600,319000
175,2016-12-09,601398,工商银行,3024267941,127100490,79016069,7208800,377200,1378800
176,2016-12-08,601398,工商银行,2976183520,71586691,30530733,8210400,1669200,231100
177,2016-12-07,601398,工商银行,2935127562,23431081,15735638,6772300,270800,271100
178,2016-12-06,601398,工商银行,2927432119,108644460,39916298,6772600,654500,1148000
179,2016-12-05,601398,工商银行,2858703957,51856594,99563531,7266100,1148000,143400
180,2016-12-02,601398,工商银行,2906410894,79054967,125378978,6261500,153400,3366500
181,2016-12-01,601398,工商银行,2952734905,55956097,62409935,9474600,923600,186600
182,2016-11-30,601398,工商银行,2959188743,66705883,59457067,8737600,107400,4809348
183,2016-11-29,601398,工商银行,2951939927,58029291,98911019,13439548,4764748,52800
184,2016-11-28,601398,工商银行,2992821655,135993187,155357446,8727600,252600,3481400
185,2016-11-25,601398,工商银行,3012185914,97116470,132637078,11956400,3533600,579769
186,2016-11-24,601398,工商银行,3052108599,119178741,93094514,9002569,490969,1619500
187,2016-11-23,601398,工商银行,3026024372,210378224,168527282,10131100,1709300,85500
188,2016-11-22,601398,工商银行,2984173430,198748726,108582362,8507300,77000,92300
189,2016-11-21,601398,工商银行,2894007066,77415159,121819326,8522600,62500,1048000
190,2016-11-18,601398,工商银行,2938411233,47528690,36795823,9508100,1058000,735100
191,2016-11-17,601398,工商银行,2927678366,54237698,48309649,9185200,645500,874100
192,2016-11-16,601398,工商银行,2921750317,39169543,41633454,9413800,908400,59600
193,2016-11-15,601398,工商银行,2924214228,70303023,91140657,8565000,195300,1322600
194,2016-11-14,601398,工商银行,2934747257,135564811,81842573,9692300,1283700,170400
195,2016-11-11,601398,工商银行,2881025019,189347354,103340891,8579000,263900,275100
196,2016-11-10,601398,工商银行,2795018556,31638223,71244008,8590200,287600,385100
197,2016-11-09,601398,工商银行,2834624341,131616425,59596185,8687700,349400,315500
198,2016-11-08,601398,工商银行,2762604101,102840062,104494251,8653800,314800,156700
199,2016-11-07,601398,工商银行,2764258290,51907493,47777640,8495700,69300,97800
200,2016-11-04,601398,工商银行,2760128437,70372605,57153809,8524200,122100,197700
201,2016-11-03,601398,工商银行,2746909641,48317886,48867265,8599800,197700,181600
202,2016-11-02,601398,工商银行,2747459020,38415313,27942859,8583700,120700,597100
203,2016-11-01,601398,工商银行,2736986566,44745766,43562569,9060100,601000,165600
204,2016-10-31,601398,工商银行,2735803369,45384978,39898594,8624700,704500,214900
205,2016-10-28,601398,工商银行,2730316985,8170374,73910821,8135100,163800,46300
206,2016-10-27,601398,工商银行,2796057432,36169131,45951460,8017600,46300,936700
207,2016-10-26,601398,工商银行,2805839761,22483608,56780468,8908000,186700,64400
208,2016-10-25,601398,工商银行,2840136621,35218009,46494861,8785700,64400,611400
209,2016-10-24,601398,工商银行,2851413473,145096371,45932574,9332700,668000,965700
210,2016-10-21,601398,工商银行,2752249676,11238588,31684939,9630400,915300,1745500
211,2016-10-20,601398,工商银行,2772696027,29369073,16418114,10460600,1739400,572300
212,2016-10-19,601398,工商银行,2759745068,10609286,18506163,9293500,90800,152700
213,2016-10-18,601398,工商银行,2767641945,28203192,32468587,9355400,171100,358100
214,2016-10-17,601398,工商银行,2771907340,36935597,56634129,9542400,316600,1395500
215,2016-10-14,601398,工商银行,2791605872,35827353,26910585,10621300,382700,2473400
216,2016-10-13,601398,工商银行,2782689104,58331011,36820075,12712000,1400,208500
217,2016-10-12,601398,工商银行,2761178168,42199407,18251459,12919100,2528700,677200
218,2016-10-11,601398,工商银行,2737230220,36263029,38682900,11067600,5622800,753900
219,2016-10-10,601398,工商银行,2739749901,47997131,63972787,6198700,671500,1089900
220,2016-09-30,601398,工商银行,2755725557,6722095,18254682,6617100,0,2138600
221,2016-09-29,601398,工商银行,2767258144,29150935,33730266,8755700,15000,2149900
222,2016-09-28,601398,工商银行,2771837475,17767743,21244175,10890600,924600,0
223,2016-09-27,601398,工商银行,2775313907,38625472,49656756,9966000,2450000,118400
224,2016-09-26,601398,工商银行,2786345191,46718165,45050101,7634400,4159300,600000
225,2016-09-23,601398,工商银行,2784677127,42698551,24378815,4075100,1650000,347100
226,2016-09-22,601398,工商银行,2766357391,24294108,57709705,2772200,394900,278000
227,2016-09-21,601398,工商银行,2799772988,89321139,56774112,2655300,19800,91300
228,2016-09-20,601398,工商银行,2767225961,19507169,12373575,2726800,751900,0
229,2016-09-19,601398,工商银行,2760092367,63772524,39117150,1974900,1345100,159200
230,2016-09-14,601398,工商银行,2735436993,29396213,48881818,789000,135700,110100
231,2016-09-13,601398,工商银行,2754922598,23869675,12145868,763400,10000,127100
232,2016-09-12,601398,工商银行,2743198791,90439027,32625784,880500,130000,1432500
233,2016-09-09,601398,工商银行,2685385548,40039016,38220140,2183000,1050600,85100
234,2016-09-08,601398,工商银行,2683566672,37715790,15911091,1217500,205600,616000
235,2016-09-07,601398,工商银行,2661761973,46920027,67917249,1627900,506000,770500
236,2016-09-06,601398,工商银行,2682759195,83472922,60811753,1892400,993100,117600
237,2016-09-05,601398,工商银行,2660098026,56283254,57473904,1016900,94100,1123500
238,2016-09-02,601398,工商银行,2661288676,54550664,51325349,2046300,914800,86500
239,2016-09-01,601398,工商银行,2658063361,36816613,15650799,1218000,370100,79700
240,2016-08-31,601398,工商银行,2636897547,55213457,108770372,927600,186700,828900
241,2016-08-30,601398,工商银行,2690454462,49883751,51573764,1569800,602500,381657
242,2016-08-29,601398,工商银行,2692144475,57097403,76798537,1348957,421657,505500
