group,symbol_x,symbol_y,corr,corr_22
动力电池回收,600884,002074,0.9050350042422447,0.9304654834682269
动力电池回收,300409,002074,0.9196737809820373,0.9266283509846768
可燃冰,000852,300084,0.9195486096489702,0.9857261976756806
可燃冰,603727,300084,0.9108302208894618,0.9378361271732992
固态电池,600884,002074,0.9050350042422447,0.9304654834682269
在线旅游,000796,600138,0.9198644281567033,0.9243405962134762
培育钻石,002046,600172,0.9254557039458685,0.920431447246522
培育钻石,301071,600172,0.9146498637653642,0.9473965897279654
宠物经济,002891,600201,0.9107716560605351,0.9233240018929587
宠物经济,605009,001206,0.929236370042501,0.9235780106824075
数据安全,301117,002268,0.9019714208750589,0.9019714208750589
植物照明,300303,300241,0.924102752160538,0.9838583660518239
毛发医疗,000615,002612,0.9091406719580986,0.9341576216181456
氦气概念,300435,300540,0.9316199483796962,0.9686817746834577
氦气概念,300435,002549,0.9043097943960271,0.9046939356601378
油价相关,601111,600029,0.9708013833525045,0.9057191720534166
注射器概念,300171,300358,0.9401109607423225,0.9543376878575744
碳基材料,002631,601011,0.9285204206318667,0.9532959942459431
超导概念,600468,002498,0.9298984057386224,0.9340092760266581
超导概念,600973,002498,0.9274970479800698,0.954151761678794
超导概念,600973,600105,0.9201732937382905,0.9449878539753552
重组蛋白,688520,688062,0.9281129128129577,0.9281129128129577
钛白粉,002502,002386,0.9223563704592993,0.9108792764608142
钛白粉,002502,002136,0.9086316600191988,0.9576175375654539
钛白粉,600727,002136,0.9371559587383058,0.9828469870918669
钛白粉,600727,000545,0.9174736371417522,0.9653091831282364
钛白粉,600727,002386,0.9157066445432336,0.9470084325962194
钛白粉,002386,002136,0.9202161337023109,0.9566506328766071
钛白粉,002136,000545,0.9193197030409551,0.952339618878015
鸡肉概念,002982,002100,0.9150012043854356,0.9381191674775488
鸡肉概念,603609,301116,0.9581130857296931,0.9581130857296931
鸡肉概念,603668,301116,0.9439219123982631,0.9439219123982631
鸡肉概念,300967,301116,0.9270236000740478,0.9270236000740478
鸡肉概念,605567,301116,0.967383671133171,0.967383671133171
保险,601336,601318,0.9357297519132225,0.9408743713175193
保险,601601,601318,0.9409782647934957,0.9117557798585524
公用事业,601158,000598,0.9090525120921339,0.919162797082574
化肥行业,000731,002538,0.9431592118646331,0.9192796591926401
化肥行业,300505,002312,0.9697313128479074,0.9389254871444702
化肥行业,300505,600096,0.9585825560590536,0.9369492020032806
化肥行业,300505,002538,0.9291639412063317,0.9067674406985298
化肥行业,600078,002170,0.9290854103133233,0.9133520111475647
化肥行业,000912,600691,0.9182205765448521,0.9740941942006994
化肥行业,600691,002538,0.91929998890137,0.9507538061101186
化肥行业,600691,002470,0.9134304986430375,0.923019933954926
化肥行业,002312,002538,0.9608003850609708,0.9479974254691395
化肥行业,600141,600096,0.9750327086917933,0.9224298221431393
医药商业,603883,603233,0.9541031057246401,0.9008090479798292
医药商业,000028,600056,0.9046658565941003,0.9720346509926269
多元金融,000617,600390,0.9109926832558499,0.9281950671170371
教育,600661,300192,0.9174777981449669,0.980082249198753
教育,300192,300010,0.9661556924762488,0.9794530702020479
教育,300192,002607,0.9268175011298013,0.9206677863692393
橡胶制品,000589,601163,0.9100506880160739,0.9565984649553467
橡胶制品,002753,002442,0.914761062954568,0.9821926927454915
电源设备,002255,002665,0.9018160946883734,0.9373994812863335
美容护理,605009,001206,0.929236370042501,0.9235780106824075
美容护理,300849,603238,0.9229287876285338,0.9147035246940453
美容护理,603983,300132,0.9238156585524954,0.9268272858620997
美容护理,603983,002511,0.9126551258608434,0.9420400546084953
美容护理,001206,002511,0.936967342601169,0.905272887212542
美容护理,001206,300888,0.9135950267388773,0.9043746287942115
能源金属,002240,002466,0.9239119253099872,0.9025426539539411
航空机场,601111,600029,0.9708013833525045,0.9057191720534166
采掘行业,603727,300084,0.9108302208894618,0.9378361271732992
非金属材料,688357,600172,0.9076280820311426,0.9076620440587677
非金属材料,300395,600330,0.9210903730141536,0.9113284803374221
非金属材料,301071,600172,0.9146498637653642,0.9473965897279654
风电设备,601615,002531,0.9135037378761651,0.9064062569930109
风电设备,300443,002487,0.9240382245494402,0.9510634471389287
风电设备,688660,002202,0.9541175660153758,0.934663768460291
风电设备,688660,300129,0.9239576267720844,0.9053483286408102
